name,affiliation,homepage,scholarid
J. A. dos Santos,UFMG,http://homepages.dcc.ufmg.br/~jefersson,wXQnnTUAAAAJ
J. Alex Halderman,University of Michigan,https://jhalderm.com,h6yXnyEAAAAJ
J. Andreas Bærentzen,DTU,https://people.compute.dtu.dk/janba,if2X4wkAAAAJ
J. Andrew Bagnell,Carnegie Mellon University,http://www.ri.cmu.edu/person.html?person_id=689,7t4jbPQAAAAJ
J. B. Wells,Heriot-Watt University,https://researchportal.hw.ac.uk/en/persons/joseph-brian-wells,NOSCHOLARPAGE
J. Blustein,Dalhousie University,https://www.dal.ca/faculty/computerscience/faculty-staff/j-blustein.html,Q2U30c8AAAAJ
J. Bret Michael,Naval Postgraduate School,http://faculty.nps.edu/vitae/cgi-bin/vita.cgi?p=display_vita&id=1023567701,JYxa6eYAAAAJ
J. C. P. Woodcock,University of York,https://www-users.cs.york.ac.uk/~jim,bO-FeTIAAAAJ
J. Christopher Beck,University of Toronto,http://tidel.mie.utoronto.ca/beck.php,y_pAyuQAAAAJ
J. D. Landa Silva,University of Nottingham,https://www.nottingham.ac.uk/computerscience/people/dario.landasilva,T8jdVWwAAAAJ
J. E. W. Smetsers,Radboud University,http://www.cs.ru.nl/S.Smetsers,acnD_MEAAAAJ
J. Eric Fosler,Ohio State University,http://web.cse.ohio-state.edu/~fosler,AlsMV98AAAAJ
J. Fernando A. da Silva,Universidade de Lisboa,https://fenix.tecnico.ulisboa.pt/downloadFile/1126518382134006/fernandos.html,NOSCHOLARPAGE
J. G. Cederquist,Universidade de Lisboa,http://web.ist.utl.pt/~ist24691,ImQ41W0AAAAJ
J. G. Tanenbaum 0001,Univ. of California - Irvine,http://tess.thegeekmovement.com,hiCKhpkAAAAJ
J. Garrett Morris,University of Iowa,https://homepage.cs.uiowa.edu/~jgmorrs,PZIdxNgAAAAJ
J. Gregory Morrisett [Tech],Cornell University,http://www.cs.cornell.edu/~jgm,Dswus94AAAAJ
J. H. M. Lee,Chinese University of Hong Kong,https://www.cse.cuhk.edu.hk/~jlee,3IV-UTsAAAAJ
J. I. den Hartog,TU Eindhoven,https://www.tue.nl/en/university/departments/mathematics-and-computer-science/the-department/staff/detail/ep/e/d/ep-uid/20012328,28P--UkAAAAJ
J. Ian Munro,University of Waterloo,https://cs.uwaterloo.ca/~imunro,NOSCHOLARPAGE
J. J. Garcia-Luna-Aceves,Univ. of California - Santa Cruz,https://www.soe.ucsc.edu/people/jj,wLtmXGQAAAAJ
J. Jay Barber,Northern Arizona University,https://nau.edu/cefns/natsci/math/directory-full-time/barber,NOSCHOLARPAGE
J. Jim Zhu,Ohio University,https://www.ohio.edu/engineering/about/people/profiles.cfm?profile=zhuj,NOSCHOLARPAGE
J. Kelly Flanagan,Brigham Young University,https://cs.byu.edu/faculty/flanaganjkelly,NOSCHOLARPAGE
J. Kenneth Salisbury,Stanford University,https://med.stanford.edu/profiles/john-salisbury,FmrDR68AAAAJ
J. Lakshmi,IISc Bangalore,https://www.serc.iisc.ac.in/faculty/jlakshmi/,weLCYIkAAAAJ
J. M. Akkermans,VU Amsterdam,http://www.cs.vu.nl/~hansa,tRT8oQYAAAAJ
J. Mark Bishop,Goldsmiths University of London,https://www.gold.ac.uk/computing/staff/m-bishop,48y80igAAAAJ
J. Maurice Rojas,Texas A&M University,http://www.math.tamu.edu/~rojas,gValByUAAAAJ
J. Michael Herrmann,University of Edinburgh,http://www.research.ed.ac.uk/portal/en/persons/michael-herrmann(cf1b7c31-3a87-4812-bf0a-05cf49b0120e).html,MJiOEy0AAAAJ
J. Montgomery,Georgetown University,http://explore.georgetown.edu/people/jm985,XQYNoekAAAAJ
J. Nathan Foster,Cornell University,http://www.cs.cornell.edu/~jnfoster,AH5j40kAAAAJ
J. Nelson Rushton,Texas Tech University,http://www.depts.ttu.edu/cs/department/seminars.php,NOSCHOLARPAGE
J. P. Lewis 0001,Victoria University of Wellington,http://ecs.victoria.ac.nz/Main/JohnLewis,wC_k2-4AAAAJ
J. P. Misra,BITS Pilani,http://www.bits-pilani.ac.in/pilani/computerscience/Faculty,7HBV4QwAAAAJ
J. Paul Siebert,University of Glasgow,http://www.dcs.gla.ac.uk/~psiebert,DoEOa80AAAAJ
J. Robin B. Cockett,University of Calgary,http://www.cpsc.ucalgary.ca/~robin,NOSCHOLARPAGE
J. Ross Beveridge,Colorado State University,http://www.cs.colostate.edu/~ross,pAI5S50AAAAJ
J. Rubén Titos Gil,University of Murcia,https://ditec.um.es/~rtitos,wd5zQr0AAAAJ
J. S. Marron,University of North Carolina,http://cs.unc.edu/people/steve-marron,Ft9MrIoAAAAJ
J. Saketha Nath,IIT Hyderabad,http://www.iith.ac.in/~saketha,k70LrvsAAAAJ
J. Santiago Jorge,University of A Coruña,https://pdi.udc.es/en/File/Pdi/WZ69E,NOSCHOLARPAGE
J. Scott Hawker,Rochester Institute of Technology,http://www.se.rit.edu/~hawker,NOSCHOLARPAGE
J. Shane Culpepper,University of Queensland,https://researchers.uq.edu.au/researcher/41331,OFlBSEEAAAAJ
J. Strother Moore,University of Texas at Austin,https://www.cs.utexas.edu/users/moore,NOSCHOLARPAGE
J. Zico Kolter,Carnegie Mellon University,http://www.zicokolter.com,UXh1I6UAAAAJ
J. Ángel Velázquez-Iturbide,Universidad Rey Juan Carlos,http:/www.lite.etsii.urjc.es/angel.velazquez,JfWXVVgAAAAJ
Ja-Ling Wu,National Taiwan University,https://www.cmlab.csie.ntu.edu.tw/cml/dsp/prof-wu/prof-wu.html,AdwCtGbtIg0C
Jaak Vilo,University of Tartu,http://biit.cs.ut.ee,87E06MgAAAAJ
Jaakko Järvi,University of Bergen,https://www.ii.uib.no/~jjarvi,NOSCHOLARPAGE
Jaakko Lehtinen,Aalto University,https://mediatech.aalto.fi/~jaakko,Vpr6s3sAAAAJ
Jaakko Peltonen,Tampere University,https://www.tuni.fi/en/jaakko-peltonen,WFYU6DkAAAAJ
Jaan Aru,University of Tartu,https://sites.google.com/view/jaanaru,FvFOzS8AAAAJ
Jaap Gordijn,VU Amsterdam,http://www.cs.vu.nl/~gordijn,NOSCHOLARPAGE
Jaap Heringa,VU Amsterdam,http://www.cs.vu.nl/~heringa,ZhNFzz8AAAAJ
Jaap Kamps,University of Amsterdam,https://e.humanities.uva.nl,bWlQ2uEAAAAJ
Jaap-Henk Hoepman,Radboud University,http://www.cs.ru.nl/~jhh,QWyYRlkAAAAJ
Jacco van Ossenbruggen,VU Amsterdam,http://homepages.cwi.nl/~jrvosse,BqsB3xIAAAAJ
Jacek Koronacki,IPI PAN,https://ipipan.waw.pl/instytut/pracownicy/jacek-koronacki,XSStCMQAAAAJ
Jacek Mandziuk,Nanyang Technological University,http://research.ntu.edu.sg/expertise/academicprofile/Pages/StaffProfile.aspx?ST_EMAILID=J.MANDZIUK&CategoryDescription=MachinesSystems,NOSCHOLARPAGE
Jacek Sroka,University of Warsaw,http://fuzzyinsights.com/author/jacek-sroka,NOSCHOLARPAGE
Jacir Luiz Bordim,Universidade de Brasília,http://cic.unb.br/~bordim/index.htm,0fXoQt0AAAAJ
Jack A. Stankovic,University of Virginia,https://engineering.virginia.edu/faculty/john-stankovic,4VJre9IAAAAJ
Jack Brimberg,Royal Military College of Canada,https://www.rmc-cmr.ca/en/mathematics-and-computer-science/dr-jack-brimberg,RAVaTi4AAAAJ
Jack C. Wileden,University of Massachusetts Amherst,http://www.cics.umass.edu/~jack,fJxwllcAAAAJ
Jack Dongarra,University of Tennessee,http://www.netlib.org/utk/people/JackDongarra,X4SbSTAAAAAJ
Jack H. Lutz,Iowa State University,http://www.cs.iastate.edu/~lutz,mxv3BeAAAAAJ
Jack J. Dongarra,University of Tennessee,http://www.netlib.org/utk/people/JackDongarra,X4SbSTAAAAAJ
Jack Jansen,CWI,http://homepages.cwi.nl/~jack,qHiBTg0AAAAJ
Jack Lange,University of Pittsburgh,https://www.cs.pitt.edu/~jacklange,47I8TqkAAAAJ
Jack M. Carroll 0001,Pennsylvania State University,https://jcarroll.ist.psu.edu,7Mg8JZMAAAAJ
Jack Mostow,Carnegie Mellon University,http://www.cs.cmu.edu/~mostow,P0Mv6pIAAAAJ
Jack Poulson,Georgia Institute of Technology,http://ideas.gatech.edu/hg/item/185201,NOSCHOLARPAGE
Jack Sampson,Pennsylvania State University,http://www.cse.psu.edu/~jms1257,fSQCT0YAAAAJ
Jack Snoeyink,University of North Carolina,http://www.cs.unc.edu/~snoeyink,fIoDWp8AAAAJ
Jack Tumblin,Northwestern University,http://www.cs.northwestern.edu/~jet,NOSCHOLARPAGE
Jack Valmadre,University of Adelaide,https://researchers.adelaide.edu.au/profile/jack.valmadre,_VSBqL0AAAAJ
Jack W. Davidson,University of Virginia,https://engineering.virginia.edu/faculty/jack-w-davidson,n7YuWIAAAAAJ
Jack van Wijk,TU Eindhoven,http://www.win.tue.nl/~vanwijk,1F_eX28AAAAJ
Jackie Chi Kit Cheung,McGill University,http://cs.mcgill.ca/~jcheung,Um-wmYQAAAAJ
Jackson Woodruff,University of Edinburgh,http://jacksonwoodruff.com,JWhQ564AAAAJ
Jacky Baltes,University of Manitoba,http://www.cs.umanitoba.ca/~jacky,557QR3kAAAAJ
Jacky Hansjoerg Baltes,University of Manitoba,http://www.cs.umanitoba.ca/~jacky,557QR3kAAAAJ
Jacky Keung,City University of Hong Kong,http://www.cs.cityu.edu.hk/profile/jacky.keung.html,UpuYcQoAAAAJ
Jacky W. Keung,City University of Hong Kong,http://www.cs.cityu.edu.hk/profile/jacky.keung.html,UpuYcQoAAAAJ
Jacky Wai Keung,City University of Hong Kong,http://www.cs.cityu.edu.hk/profile/jacky.keung.html,UpuYcQoAAAAJ
Jaco C. van de Pol,Aarhus University,https://cs.au.dk/~jaco,gbSSgnkAAAAJ
Jaco Geldenhuys,Stellenbosch University,http://www.cs.sun.ac.za/~jaco,Y5dRFosAAAAJ
Jaco van de Pol,Aarhus University,https://cs.au.dk/~jaco,gbSSgnkAAAAJ
Jacob Andreas,Massachusetts Institute of Technology,https://web.mit.edu/jda/www,dnZ8udEAAAAJ
Jacob D. Furst,DePaul University,https://www.cdm.depaul.edu/about/Pages/People/facultyinfo.aspx?fid=365,NOSCHOLARPAGE
Jacob Feldman,Rutgers University,https://ruccs.rutgers.edu/jacob,KoJrMIAAAAAJ
Jacob Goldberger,Bar-Ilan University,http://www.eng.biu.ac.il/goldbej,vgzrOK4AAAAJ
Jacob Holm,University of Copenhagen,https://di.ku.dk/english/staff/?pure=en%2Fpersons%2Fjacob-holm(b9128f70-a478-4df0-9f6b-cc665f65976c)%2Fpublications.html,VzPHumEAAAAJ
Jacob K. White 0001,Massachusetts Institute of Technology,http://www.rle.mit.edu/cpg/people_faculty.htm,4lpSV-8AAAAJ
Jacob Krüger,TU Eindhoven,https://research.tue.nl/en/persons/jacob-kr%C3%BCger,kNvGUNsAAAAJ
Jacob M. Howe,City University of London,https://www.city.ac.uk/people/academics/jacob-howe,Nd7-X2IAAAAJ
Jacob M. Luber,University of Texas at Arlington,https://www.uta.edu/academics/faculty/profile?username=luberj,qkLcROYAAAAJ
Jacob Murray,Washington State University,https://school.eecs.wsu.edu/people/faculty/jacob-murray,NOSCHOLARPAGE
Jacob O. Wobbrock,University of Washington,http://faculty.washington.edu/wobbrock,TmZ3howAAAAJ
Jacob R. Gardner,University of Pennsylvania,https://www.seas.upenn.edu/directory/profile.php?ID=339,0gkajvEAAAAJ
Jacob Scharcanski,UFRGS,http://www.inf.ufrgs.br/~jacobs,o9csf6QAAAAJ
Jacob Sorber,Clemson University,https://people.cs.clemson.edu/~jsorber,yXqu6esAAAAJ
Jacob Steinhardt,Univ. of California - Berkeley,https://www.stat.berkeley.edu/~jsteinhardt,LKv32bgAAAAJ
Jacob T. Biehl,University of Pittsburgh,https://jtbiehl.github.io,LYy73WkAAAAJ
Jacob W. Crandall,Brigham Young University,http://www.jacobcrandall.net,FHGBC58AAAAJ
Jacob White 0001,Massachusetts Institute of Technology,http://www.rle.mit.edu/cpg/people_faculty.htm,4lpSV-8AAAAJ
Jacob Whitehill,Worcester Polytechnic Institute,https://www.wpi.edu/academics/facultydir/200331.htm,PGyMqU0AAAAJ
Jacob William Crandall,Brigham Young University,http://www.jacobcrandall.net,FHGBC58AAAAJ
Jacobo Torán,University of Ulm,https://www.uni-ulm.de/toran1,9tCatQwAAAAJ
Jacobo Torán Romero,University of Ulm,https://www.uni-ulm.de/toran1,9tCatQwAAAAJ
Jacobus E. van der Merwe,University of Utah,https://www.cs.utah.edu/~kobus,PEki4LgAAAAJ
Jacopo Urbani,VU Amsterdam,http://www.jacopourbani.it,5o88MDIAAAAJ
Jacqueline Christmas,University of Exeter,http://emps.exeter.ac.uk/computer-science/staff/jtc202,IQRq0CYAAAAJ
Jacqueline Staub,University of Trier,https://ddi.uni-trier.de,hFe7oDcAAAAJ
Jacques A. de Guise,ETS Montreal,http://www.etsmtl.ca/Recherche/Chaires-unites-rech/Chaires/CRC-imagerie-3D,JMQcz58AAAAJ
Jacques Carette,McMaster University,https://www.cas.mcmaster.ca/~carette,Sc-k-EgAAAAJ
Jacques D. Fleuriot,University of Edinburgh,https://www.inf.ed.ac.uk/people/staff/Jacques_Fleuriot.html,NOSCHOLARPAGE
Jacques Fayolle,Université Jean Monnet,https://www.univ-st-etienne.fr/fr/tous-les-faits-marquants/annees-precedentes/annee-2011-2012/jacques-fayolle-elu-directeur-de-telecom-saint-etienne.html,C8efi9MAAAAJ
Jacques Pasquier-Rocha,University of Fribourg,https://www.unifr.ch/inf/en/all/people/15735/c2a24,j1GgJuMAAAAJ
Jacques Stern,Ecole Normale Superieure,http://www.di.ens.fr/users/stern,NOSCHOLARPAGE
Jacques Wainer,UNICAMP,http://www.ic.unicamp.br/~wainer,wKRXIZ8AAAAJ
Jadwiga Indulska,University of Queensland,http://staff.itee.uq.edu.au/jaga,syzrSEcAAAAJ
Jae C. Oh,Syracuse University,http://eng-cs.syr.edu/our-departments/electrical-engineering-and-computer-science/people/faculty,NOSCHOLARPAGE
Jae Chan Oh,Syracuse University,http://eng-cs.syr.edu/our-departments/electrical-engineering-and-computer-science/people/faculty,NOSCHOLARPAGE
Jae Jun Yoo,UNIST,https://sites.google.com/view/jaejunyoo,7NBlQw4AAAAJ
Jae S. Lim,Massachusetts Institute of Technology,http://www.rle.mit.edu/people/directory/jae-lim,ClH0XTsAAAAJ
Jae W. Lee,Seoul National University,https://cse.snu.ac.kr/en/professor/jae-wook-lee,PA-QN6IAAAAJ
Jae-Gil Lee 0001,KAIST,http://dm.kaist.ac.kr/jaegil,h9mbv9MAAAAJ
Jae-Pil Heo,Sungkyunkwan University,https://sites.google.com/site/vclabskku/,VXyJ_ssAAAAJ
Jae-Soo Kim,Kyungpook National University,http://computer.knu.ac.kr,NOSCHOLARPAGE
Jae-Young Sim,UNIST,http://vip.unist.ac.kr,Mx6iAMoAAAAJ
Jae-il Kim,Kyungpook National University,https://sites.google.com/view/ipalab,L8cMLmEAAAAJ
Jaegul Choo,KAIST,https://sites.google.com/site/jaegulchoo,GHJYsLEAAAAJ
Jaeho Lee,POSTECH,https://jaeho-lee.github.io,t91zoQMAAAAJ
Jaehyuk Cha,Hanyang University,http://db.hanyang.ac.kr/doku.php?id=%EC%B0%A8%EC%9E%AC%ED%98%81_%EA%B5%90%EC%88%98%EB%8B%98,wvjewAQAAAAJ
Jaehyuk Huh 0001,KAIST,http://calab.kaist.ac.kr/~jhuh,NC4hxqEAAAAJ
Jaehyung Kim 0001,Yonsei University,https://sites.google.com/view/jaehyungkim,6OYOsGsAAAAJ
Jaeil Kim,Kyungpook National University,https://sites.google.com/view/ipalab,L8cMLmEAAAAJ
Jaejin Lee,Seoul National University,http://aces.snu.ac.kr/~jlee,6JaKru0AAAAJ
Jaejun Yoo 0001,UNIST,https://sites.google.com/view/jaejunyoo,7NBlQw4AAAAJ
Jaekyun Moon,KAIST,http://moonlab.kaist.ac.kr/people.html,dfH3YpkAAAAJ
Jaelson Brelaz de Castro,UFPE,http://www.cin.ufpe.br/~jbc,Um1B6_4AAAAJ
Jaelson Castro,UFPE,http://www.cin.ufpe.br/~jbc,Um1B6_4AAAAJ
Jaelson Freire Brelaz de Castro,UFPE,http://www.cin.ufpe.br/~jbc,Um1B6_4AAAAJ
Jaemin Jo,Sungkyunkwan University,https://idclab.skku.edu/,fw7ft64AAAAJ
Jaemin Yoo,KAIST,https://jaeminyoo.github.io,LcxcTRUAAAAJ
Jaesik Choi,KAIST,http://sailab.kaist.ac.kr/jaesik,RqMLVzUAAAAJ
Jaesik Park,POSTECH,http://jaesik.info,_3q6KBIAAAAJ
Jaewoo Kang,Korea University,http://dmis.korea.ac.kr/people,iiIxp8cAAAAJ
Jaewoo Lee,University of Georgia,http://cobweb.cs.uga.edu/~jwlee,kqgVwE8AAAAJ
Jaewoong Sim,Seoul National University,https://jaewoong.org,4U65ziwAAAAJ
Jaeyeon Jang,The Catholic University of Korea,https://sites.google.com/view/jaeyeonjang/,YcTjjbUAAAAJ
Jaeyeon Lee 0002,UNIST,https://jaeyeonlee.com,K_xmrzgAAAAJ
Jafar Habibi,Sharif University of Technology,http://sharif.ir/~jhabibi,fKvyreEAAAAJ
Jagannathan Sarangapani,Missouri University of Technology,http://web.mst.edu/~sarangap,RTewL_wAAAAJ
Jagarlapudi Saketha Nath,IIT Hyderabad,http://www.iith.ac.in/~saketha,k70LrvsAAAAJ
Jagath C. Rajapakse,Nanyang Technological University,http://www.ntu.edu.sg/home/asjagath,9WPWHiEAAAAJ
Jagrati Singh,IGDTUW,https://www.igdtuw.ac.in/computerScience.php?name=Jagrati_singh,zvxHl5AAAAAJ
Jai Kang,Rochester Institute of Technology,https://www.rit.edu/gccis/jai-kang,NOSCHOLARPAGE
Jaideep Mulherkar,DAIICT,http://intranet.daiict.ac.in/~jaideep_mulherkar,J2aDvokAAAAJ
Jaideep Srivastava,University of Minnesota,https://www.cs.umn.edu/people/faculty,Y4J5SOwAAAAJ
Jaideep Vaidya,Rutgers University,https://www.business.rutgers.edu/faculty/jaideep-vaidya,5bYRZ4sAAAAJ
Jaijeet Roychowdhury,Univ. of California - Berkeley,https://www2.eecs.berkeley.edu/Faculty/Homepages/jr.html,NOSCHOLARPAGE
Jaijeet S. Roychowdhury,Univ. of California - Berkeley,https://www2.eecs.berkeley.edu/Faculty/Homepages/jr.html,NOSCHOLARPAGE
Jaikumar Radhakrishnan,Tata Inst. of Fundamental Research,http://www.tcs.tifr.res.in/~jaikumar,R-Iyl4gAAAAJ
Jaime Arguello,University of North Carolina,https://sils.unc.edu/people/faculty/profiles/Jaime-Arguello,q7foMK4AAAAJ
Jaime Delgado,Polytechnic University of Catalonia,http://ieeexplore.ieee.org/document/6214725/?section=abstract,RSDAEdAAAAAJ
Jaime Delgado Merce,Polytechnic University of Catalonia,http://ieeexplore.ieee.org/document/6214725/?section=abstract,RSDAEdAAAAAJ
Jaime Fernández Fisac,Princeton University,https://ece.princeton.edu/people/jaime-fernandez-fisac,HvjirogAAAAJ
Jaime Navon,Pontificia Universidad Catolica de Chile,https://www.ing.uc.cl/academicos-e-investigadores/jaime-navon-cohen,NOSCHOLARPAGE
Jaime Ruiz,University of Florida,https://www.jaimeruiz.com,K1O-ZPIAAAAJ
Jaime Simao Sichman,USP,https://www2.pcs.usp.br/pcsv6/index.php/131-docentes/223-jaime,rlSHIHIAAAAJ
Jaime Viegas,Masdar Institute,https://www.masdar.ac.ae/aboutus/management/faculty-directory/item/5686-jaime-viegas,R97KDQ0AAAAJ
Jainendra K. Navlakha,Florida International University,https://www.cis.fiu.edu/faculty-staff/navlakha-jainendra-k,NOSCHOLARPAGE
Jainendra Shukla,IIIT Delhi,https://www.iiitd.ac.in/jainendra,QCZleNQAAAAJ
Jake J. Abbott,University of Utah,https://www.mech.utah.edu/directory/faculty/jake-abbott,GyeogAAAAJ
Jakob Andreas Bærentzen,DTU,https://www.compute.dtu.dk/english,NOSCHOLARPAGE
Jakob Bohr,DTU,https://www.compute.dtu.dk/english,NOSCHOLARPAGE
Jakob Eg Larsen,DTU,https://www.compute.dtu.dk/english,NOSCHOLARPAGE
Jakob Eriksson,University of Illinois at Chicago,https://www.cs.uic.edu/Jakob,kLUW0psAAAAJ
Jakob Grue Simonsen,University of Copenhagen,http://www.diku.dk/~simonsen,JFhAzosAAAAJ
Jakob H. Macke,University of Tübingen,https://uni-tuebingen.de/en/research/core-research/cluster-of-excellence-machine-learning/research/research/cluster-research-groups/professorships/machine-learning-in-science,FKOqtF8AAAAJ
Jakob Nordström,University of Copenhagen,http://www.jakobnordstrom.se,YSFwWNIAAAAJ
Jakob Rehof,TU Dortmund,https://ls14-www.cs.uni-dortmund.de/cms/de/home,lhc6Jn4AAAAJ
Jakob Runge,TU Dresden,https://www.jakob-runge.com/,wtXVvuUAAAAJ
Jakub Kowalski,University of Wroclaw,http://ii.uni.wroc.pl/instytut/pracownicy/64,31AWuosAAAAJ
Jakub M. Tomczak,VU Amsterdam,https://jmtomczak.github.io/index.html,XB99pR4AAAAJ
Jakub Marecek,Czech Technical University,https://www.aic.fel.cvut.cz/research-areas/optimization,Ew8TNsMAAAAJ
Jakub Michaliszyn,University of Wroclaw,http://www.ii.uni.wroc.pl/~jmi,KxpyIIYAAAAJ
Jakub Mikolaj Tomczak,VU Amsterdam,https://jmtomczak.github.io/index.html,XB99pR4AAAAJ
Jakub Pawlewicz,University of Warsaw,https://chessprogramming.wikispaces.com/Jakub+Pawlewicz,95JYFDQAAAAJ
Jakub Radoszewski,University of Warsaw,http://uw.academia.edu/JakubRadoszewski,U-0-OtsAAAAJ
Jakub Simko,Kempelen Institute - KInIT,https://kinit.sk/member/jakub-simko/,vjXMG2AAAAAJ
Jakub Szefer,Yale University,http://seas.yale.edu/faculty-research/faculty-directory/jakub-szefer,NO1Je2kAAAAJ
Jalaj Upadhyay,Rutgers University,https://sites.google.com/view/jalajupadhyay/home,vHTMzPQAAAAJ
Jalal Kawash,University of Calgary,http://www.cpsc.ucalgary.ca/~kawash,NOSCHOLARPAGE
Jamal Alsakran,University of Jordan,http://eacademic.ju.edu.jo/j.Alsakran,lQ9EkngAAAAJ
Jamal Atif,Université Paris Dauphine,https://www.lamsade.dauphine.fr/fr/personnes/detail-cv/profile/jamal-atif.html,2RbvJyIAAAAJ
James A. Bagnell,Carnegie Mellon University,http://www.ri.cmu.edu/person.html?person_id=689,7t4jbPQAAAAJ
James A. Clause,University of Delaware,https://www.eecis.udel.edu/~clause,CappitoAAAAJ
James A. Fogarty,University of Washington,https://homes.cs.washington.edu/~jfogarty,hma0WFAAAAAJ
James A. Glazier,Indiana University,https://iubphys.sitehost.iu.edu/faculty/glazier.shtml,y0pmefMAAAAJ
James A. Hendler,Rensselaer Polytechnic Institute,http://www.cs.rpi.edu/~hendler,JNPbTdIAAAAJ
James A. Jones,Univ. of California - Irvine,http://jamesajones.com,3lB8Y8kAAAAJ
James A. Landay,Stanford University,https://profiles.stanford.edu/james-landay,oQsObk0AAAAJ
James A. Preiss,Univ. of California - Santa Barbara,https://cs.ucsb.edu/people/faculty/james-preiss,gXkGd7EAAAAJ
James A. R. Marshall,University of Sheffield,https://www.sheffield.ac.uk/dcs/people/academic/james-marshall,VNMIqx4AAAAJ
James A. Reggia,University of Maryland - College Park,https://www.cs.umd.edu/~reggia,NOSCHOLARPAGE
James A. Storer,Brandeis University,http://www.cs.brandeis.edu/~storer,v3vdZycAAAAJ
James Alexander Hendler,Rensselaer Polytechnic Institute,http://www.cs.rpi.edu/~hendler,JNPbTdIAAAAJ
James Alfred Walker,University of York,https://www.cs.york.ac.uk/people/?group=Research%20Fellows%20and%20Research%20Associates&username=jawalker,Yl5OycsAAAAJ
James Allan,University of Massachusetts Amherst,https://ciir.cs.umass.edu/~allan,NOSCHOLARPAGE
James Allen Fill,Johns Hopkins University,https://www.ams.jhu.edu/~fill/,gSwyFR4AAAAJ
James Andrew Bagnell,Carnegie Mellon University,http://www.ri.cmu.edu/person.html?person_id=689,7t4jbPQAAAAJ
James Andrew Smith,York University,http://eecs.lassonde.yorku.ca/faculty/james-andrew-smith,cc9nEgYAAAAJ
James Aspnes,Yale University,http://www.cs.yale.edu/homes/aspnes,1HYDaVIAAAAJ
James Atlas,University of Delaware,https://www.eecis.udel.edu/~atlas,ayy4s4cAAAAJ
James Austin,University of York,https://www-users.cs.york.ac.uk/~austin,xpZL8d8AAAAJ
James B. D. Joshi,University of Pittsburgh,http://www.sis.pitt.edu/jjoshi,veOn_3UAAAAJ
James B. Worrell,University of Oxford,http://www.cs.ox.ac.uk/james.worrell,oFZmiioAAAAJ
James Bailey 0001,University of Melbourne,http://people.eng.unimelb.edu.au/baileyj,ujsYC98AAAAJ
James Bret Michael,Naval Postgraduate School,http://faculty.nps.edu/vitae/cgi-bin/vita.cgi?p=display_vita&id=1023567701,JYxa6eYAAAAJ
James Brotherston,University College London,http://www0.cs.ucl.ac.uk/staff/J.Brotherston,TmQ8BA8AAAAJ
James C. Bezdek,University of Melbourne,https://findanexpert.unimelb.edu.au/profile/22301-jim-bezdek,kXy4LAMAAAAJ
James C. Gee,University of Pennsylvania,https://www.med.upenn.edu/apps/faculty/index.php/g275/p10656,MIjWr_8AAAAJ
James C. Hoe,Carnegie Mellon University,http://users.ece.cmu.edu/~jhoe,ZnRhcFUAAAAJ
James C. Lester,North Carolina State University,https://www.csc.ncsu.edu/people/lester,8LDxxM0AAAAJ
James Caldwell,University of Wyoming,http://www.cs.uwyo.edu/~jlc,kPtO_xgAAAAJ
James Cannady,Nova Southeastern University,https://cec.nova.edu/faculty/cannady.html,NOSCHOLARPAGE
James Canning,University of Massachusetts Lowell,https://www.uml.edu/Honors/People/canning-james.aspx,1V__UcAAAAAJ
James Caverlee,Texas A&M University,http://faculty.cs.tamu.edu/caverlee,LB1dq_sAAAAJ
James Cheney,University of Edinburgh,http://homepages.inf.ed.ac.uk/jcheney,G-1f1G4AAAAJ
James Cheng,Chinese University of Hong Kong,http://www.cse.cuhk.edu.hk/~jcheng,M--dS1EAAAAJ
James Clause,University of Delaware,https://www.eecis.udel.edu/~clause,CappitoAAAAJ
James Clawson,Indiana University,https://jamesclawson.com,7Z-F_AoAAAAJ
James Cremer,University of Iowa,https://www.cs.uiowa.edu/~cremer,At2chacAAAAJ
James Currier,University of Pittsburgh,http://www.sci.pitt.edu/faculty-and-research/faculty-directory/james-d-kip-currier,NOSCHOLARPAGE
James Cussens,University of Bristol,https://research-information.bris.ac.uk/en/persons/james-cussens,OEFkOR0AAAAJ
James D. Foley,Georgia Institute of Technology,http://www.cc.gatech.edu/fac/Jim.Foley/foley.html,GmcChLIAAAAJ
James D. Herbsleb,Carnegie Mellon University,http://herbsleb.org,NOSCHOLARPAGE
James D. Hollan,Univ. of California - San Diego,http://hci.ucsd.edu/hollan,LOFYnLkAAAAJ
James David Laird,University of Bath,http://www.bath.ac.uk/comp-sci/contacts/academics/james_laird,_Gi9Hl4AAAAJ
James Davis 0001,Univ. of California - Santa Cruz,https://users.soe.ucsc.edu/~davis,BDYIAe4AAAAJ
James Demmel,Univ. of California - Berkeley,https://www.cs.berkeley.edu/~demmel,NOSCHOLARPAGE
James Dunham,Southern Methodist University,https://www.smu.edu/Lyle/Departments/CSE/People/Faculty/DunhamJames,s2VQbjwAAAAJ
James E. Davis,Univ. of California - Santa Cruz,https://users.soe.ucsc.edu/~davis,BDYIAe4AAAAJ
James E. Gain,University of Cape Town,https://people.cs.uct.ac.za/~jgain,ZN802qkAAAAJ
James E. Heliotis,Rochester Institute of Technology,https://www.cs.rit.edu/~jeh,NOSCHOLARPAGE
James E. Young,University of Manitoba,http://home.cs.umanitoba.ca/~young,NOSCHOLARPAGE
James Everett Young,University of Manitoba,http://home.cs.umanitoba.ca/~young,NOSCHOLARPAGE
James F. Allen,University of Rochester,http://www.cs.rochester.edu/~james,FxPzh9kAAAAJ
James F. O'Brien,Univ. of California - Berkeley,http://obrien.berkeley.edu,UWZA0v4AAAAJ
James Fastook,University of Maine,https://umaine.edu/scis/faculty-and-staff/james-fastook,ea1-wPUAAAAJ
James Fleming,Dalhousie University,https://www.dal.ca/faculty/computerscience/faculty-staff/james-fleming.html,BU9Rmm8AAAAJ
James Fogarty,University of Washington,https://homes.cs.washington.edu/~jfogarty,hma0WFAAAAAJ
James Foley 0001,Georgia Institute of Technology,http://www.cc.gatech.edu/fac/Jim.Foley/foley.html,GmcChLIAAAAJ
James G. Nagy,Emory University,https://math.emory.edu/~nagy,fMdqZFsAAAAJ
James Garforth,University of Edinburgh,http://www.inf.ed.ac.uk/people/staff/James_Garforth.html,epjKkBMAAAAJ
James Geller,NJIT,https://web.njit.edu/~geller,R_EbDzYAAAAJ
James Griffioen,University of Kentucky,http://protocols.netlab.uky.edu/~griff,NOSCHOLARPAGE
James H. Anderson,University of North Carolina,http://jamesanderson.web.unc.edu,mIZu9oQAAAAJ
James H. Davenport,University of Bath,http://people.bath.ac.uk/masjhd,dy5hIhAAAAAJ
James H. Elder,York University,http://elderlab.yorku.ca/~elder,wSBFrb8AAAAJ
James H. Hill,IUPUI,http://sebox.cs.iupui.edu,NOSCHOLARPAGE
James H. Martin,University of Colorado Boulder,http://www.cs.colorado.edu/~martin,ZVxO6IIAAAAJ
James H. Moore,University of Pennsylvania,http://epistasis.org/jason-h-moore-phd,mE1Te78AAAAJ
James H. Morris,Carnegie Mellon University,http://www.cs.cmu.edu/~jhm,Y9cRdbIAAAAJ
James H. Morris Jr.,Carnegie Mellon University,http://www.cs.cmu.edu/~jhm,Y9cRdbIAAAAJ
James Harland,RMIT University,https://www.rmit.edu.au/contact/staff-contacts/academic-staff/h/harland-associate-professor-james,46pt7TgAAAAJ
James Harold Davenport,University of Bath,http://people.bath.ac.uk/masjhd,bxOyjTUAAAAJ
James Hays,Georgia Institute of Technology,http://www.cc.gatech.edu/~hays,vjZrDKQAAAAJ
James Henri Tompkin,Brown University,http://www.jamestompkin.com,Ex3pgLAAAAAJ
James Hook,Portland State University,http://web.cecs.pdx.edu/~hook,dBE0MEkAAAAJ
James I. Lathrop,Iowa State University,https://www.cs.iastate.edu/people/jim-lathrop,NOSCHOLARPAGE
James J. Little,University of British Columbia,http://www.cs.ubc.ca/~little,a0za4V8AAAAJ
James J. Martin,Clemson University,https://people.cs.clemson.edu/~jmarty,66VE-3MAAAAJ
James J. Q. Yu,SUSTech,https://jamesyu.me,PUgfVxwAAAAJ
James Jenn-Jier Lien,National Cheng Kung University,http://www.csie.ncku.edu.tw/ncku_csie/depmember/teacherdetail/id/17,3nu_iw0AAAAJ
James Jian Qiao Yu,SUSTech,https://jamesyu.me,PUgfVxwAAAAJ
James Joshi,University of Pittsburgh,http://www.sis.pitt.edu/jjoshi,veOn_3UAAAAJ
James K. Baker,University of Central Florida,https://www.cs.ucf.edu/person/james-baker,NOSCHOLARPAGE
James K. Hahn,George Washington University,https://www.seas.gwu.edu/~hahn,m0BU16YAAAAJ
James Kwangjune Hahn,George Washington University,https://www.seas.gwu.edu/~hahn,m0BU16YAAAAJ
James L. Patton,University of Illinois at Chicago,https://pattonj.people.uic.edu,GWUT6MQAAAAJ
James L. Weiner,University of New Hampshire,http://www.cs.unh.edu/Faculty/jlw.html,NOSCHOLARPAGE
James Laird,University of Bath,http://www.bath.ac.uk/comp-sci/contacts/academics/james_laird,_Gi9Hl4AAAAJ
James Lin,Shanghai Jiao Tong University,https://hpc.sjtu.edu.cn/~lin/,TFfS5AcAAAAJ
James Little 0001,University of British Columbia,http://www.cs.ubc.ca/~little,a0za4V8AAAAJ
James M. Calvin,NJIT,https://web.njit.edu/~calvin,TFf0hRcAAAAJ
James M. Purtilo,University of Maryland - College Park,https://seam.cs.umd.edu/purtilo,5-O2lzIAAAAJ
James M. Rehg,Univ. of Illinois at Urbana-Champaign,http://rehg.org,8kA3eDwAAAAJ
James M. Stiles,University of Kansas,http://www.eecs.ku.edu/people/faculty/jstiles,GYMISJkAAAAJ
James M. Westall,Clemson University,https://people.cs.clemson.edu/~westall/homepage.html,NOSCHOLARPAGE
James Martin 0001,Clemson University,https://people.cs.clemson.edu/~jmarty,66VE-3MAAAAJ
James Matthew Rehg,Univ. of Illinois at Urbana-Champaign,http://rehg.org,8kA3eDwAAAAJ
James McCann,Carnegie Mellon University,http://www.cs.cmu.edu/~jmccann,NOSCHOLARPAGE
James McHugh,NJIT,https://web.njit.edu/~mchugh/202,oi903pgAAAAJ
James McKee,Royal Holloway University of London,https://pure.royalholloway.ac.uk/en/persons/james-mckee,NOSCHOLARPAGE
James McKinna,Heriot-Watt University,https://researchportal.hw.ac.uk/en/persons/james-mckinna,_CjMNVsAAAAJ
James Mickens,Harvard University,http://mickens.seas.harvard.edu,7m5-SfEAAAAJ
James N. Smith,Augusta University,https://www.augusta.edu/faculty/directory/view.php?id=JASMITH8,vktau2YAAAAJ
James Ohene-Djan,Goldsmiths University of London,https://www.gold.ac.uk/computing/staff/j-ohene-djan,NOSCHOLARPAGE
James P. Bagrow,University of Vermont,http://bagrow.com,krWnCYIAAAAJ
James P. Callan,Carnegie Mellon University,http://www.cs.cmu.edu/~callan,Un5KXJ4AAAAJ
James P. Clements,Clemson University,https://www.clemson.edu/administration/president/biography.html,tUxim4kAAAAJ
James P. Cohoon,University of Virginia,https://www.cs.virginia.edu/~cohoon,ud1XWV0AAAAJ
James P. Delgrande,Simon Fraser University,http://www.cs.sfu.ca/~jim,NOSCHOLARPAGE
James P. G. Sterbenz,University of Kansas,http://www.ittc.ku.edu/~jpgs,Xuh3zZ8AAAAJ
James P. Parkerson,University of Arkansas,http://www.csce.uark.edu/~jparkers,NOSCHOLARPAGE
James Palmer,Northern Arizona University,https://nau.edu/siccs/faculty,Je5-HpYAAAAJ
James Parrish,Nova Southeastern University,https://cec.nova.edu/faculty/parrish.html,C4lsGgkAAAAJ
James Paul Dourish,Univ. of California - Irvine,http://www.dourish.com,wyCIJfQAAAAJ
James Purtilo,University of Maryland - College Park,https://seam.cs.umd.edu/purtilo,5-O2lzIAAAAJ
James Pustejovsky,Brandeis University,http://www.brandeis.edu/facultyguide/person.html?emplid=dbbe2e6922a901a7151b3d83b6618450867207ae,56UT_6IAAAAJ
James Quilty,Victoria University of Wellington,http://ecs.victoria.ac.nz/Main/JamesQuilty,NOSCHOLARPAGE
James R. Cordy,Queen’s University,http://www.cs.queensu.ca/~cordy,t7IssBgAAAAJ
James R. Lee,University of Washington,https://homes.cs.washington.edu/~jrl,x7viPbgAAAAJ
James R. Luedtke,University of Wisconsin - Madison,https://homepages.cae.wisc.edu/~luedtkej,NOSCHOLARPAGE
James R. Miller,University of Kansas,http://people.eecs.ku.edu/~miller,K5hmGHcAAAAJ
James R. Wallace,University of Waterloo,https://uwaterloo.ca/human-computer-interaction-health-lab,CxDo9sAAAAJ
James R. Warren,University of Auckland,https://www.cs.auckland.ac.nz/~jim,67P38dMAAAAJ
James R. Wright,University of Alberta,http://jrwright.info,-BEP3TYAAAAJ
James Riely,DePaul University,http://fpl.cs.depaul.edu/jriely,P_76K3wAAAAJ
James Rowland,University of Kansas,http://www.eecs.ku.edu/people/faculty/jrowland,NOSCHOLARPAGE
James S. Collofello,Arizona State University,https://cidse.engineering.asu.edu/directory/collofello-james,NOSCHOLARPAGE
James S. Plank,University of Tennessee,http://web.eecs.utk.edu/~plank,pH3eZOQAAAAJ
James S. Royer,Syracuse University,http://www.cis.syr.edu/~royer,NOSCHOLARPAGE
James Stephen Marron,University of North Carolina,http://cs.unc.edu/people/steve-marron,Ft9MrIoAAAAJ
James Stewart,Queen’s University,http://www.cs.queensu.ca/home/jstewart,xQXd2pEAAAAJ
James T. Canning,University of Massachusetts Lowell,https://www.uml.edu/About/leadership/Deans/Canning-James.aspx,1V__UcAAAAAJ
James T. Kwok,HKUST,http://www.cse.ust.hk/~jamesk,NOSCHOLARPAGE
James Tam,University of Calgary,http://pages.cpsc.ucalgary.ca/~tamj,CDVDYysAAAAJ
James Thorne,KAIST,https://jamesthorne.com,hao9RrgAAAAJ
James Tin-Yau Kwok,HKUST,http://www.cse.ust.hk/~jamesk,NOSCHOLARPAGE
James Tompkin 0001,Brown University,http://www.jamestompkin.com,Ex3pgLAAAAAJ
James Tuck 0001,North Carolina State University,https://sites.google.com/a/ncsu.edu/james-tuck,4Ulx0fyHsLwC
James Vallino,Rochester Institute of Technology,http://www.se.rit.edu/~jrv,DwWwHIMAAAAJ
James W. Davis,Ohio State University,http://web.cse.ohio-state.edu/~jwdavis,Jd6nw80AAAAJ
James W. Hong,POSTECH,http://dpnm.postech.ac.kr/~jwkhong,0-cL2cYAAAAJ
James W. Mickens,Harvard University,http://mickens.seas.harvard.edu,7m5-SfEAAAAJ
James Waldo,Harvard University,https://www.seas.harvard.edu/directory/waldo,A6y_bqkAAAAJ
James Wang,Clemson University,https://people.cs.clemson.edu/~jzwang,JVEaAlEAAAAJ
James Weimer,Vanderbilt University,https://jamesweimer.net/,IeuLakwAAAAJ
James Weldon Demmel,Univ. of California - Berkeley,https://www.cs.berkeley.edu/~demmel,NOSCHOLARPAGE
James Westall,Clemson University,https://people.cs.clemson.edu/~westall/homepage.html,NOSCHOLARPAGE
James Wittig,Vanderbilt University,http://engineering.vanderbilt.edu/bio/james-wittig,NOSCHOLARPAGE
James Won-Ki Hong,POSTECH,http://dpnm.postech.ac.kr/~jwkhong,xmjM_WoAAAAJ
James Worrell 0001,University of Oxford,http://www.cs.ox.ac.uk/james.worrell,oFZmiioAAAAJ
James Xi Zheng,Macquarie University,http://web.science.mq.edu.au/~jxzheng,SNfRGJoAAAAJ
James Y. Zou,Stanford University,https://sites.google.com/site/jamesyzou,23ZXZvEAAAAJ
James Yu,DePaul University,http://www.cdm.depaul.edu/about/Pages/People/FacultyInfo.aspx?fid=344,NOSCHOLARPAGE
James Zou 0001,Stanford University,https://www.james-zou.com/,23ZXZvEAAAAJ
Jamie A. Ward,Goldsmiths University of London,https://www.gold.ac.uk/computing/people/ward-jamie,-Xy7uX4AAAAJ
Jamie Callan,Carnegie Mellon University,http://www.cs.cmu.edu/~callan,Un5KXJ4AAAAJ
Jamie Forth,Goldsmiths University of London,https://www.gold.ac.uk/computing/people/forth-jamie,z4E94nIAAAAJ
Jamie H. Morgenstern,University of Washington,http://jamiemorgenstern.com,t0ZfFH8AAAAJ
Jamie Morgenstern,University of Washington,http://jamiemorgenstern.com,t0ZfFH8AAAAJ
Jamie Paul Twycross,University of Nottingham,https://www.nottingham.ac.uk/computerscience/people/jamie.twycross,I9Tsqf8AAAAJ
Jamie Payton,NJIT,https://people.njit.edu/profile/js2852,dIbeva0AAAAJ
Jamie Sikora,Virginia Tech,https://www.perimeterinstitute.ca/people/jamie-sikora,EBxyd5gAAAAJ
Jamie Twycross,University of Nottingham,https://www.nottingham.ac.uk/computerscience/people/jamie.twycross,I9Tsqf8AAAAJ
Jamie Vicary,University of Cambridge,https://www.cl.cam.ac.uk/~jv258,9LG1IeMAAAAJ
Jamilson Dantas,UFPE,https://sites.google.com/cin.ufpe.br/jamilsondantas,p-6fez4AAAAJ
Jamuna Kanta Sing,Jadavpur University,https://jaduniv.irins.org/profile/57038,rf_-dsUAAAAJ
"Jan ""Matt"" Pedersen",University of Nevada Las Vegas,http://www.egr.unlv.edu/~matt,Oh3z3nEAAAAJ
Jan Allebach,Purdue University,https://engineering.purdue.edu/ECE/People/ptProfile?resource_id=3043,NOSCHOLARPAGE
Jan Arne Telle,University of Bergen,http://www.ii.uib.no/~telle,NOSCHOLARPAGE
Jan B. Pedersen,University of Nevada Las Vegas,http://www.egr.unlv.edu/~matt,Oh3z3nEAAAAJ
Jan B. Pedersen 0001,University of Nevada Las Vegas,http://www.egr.unlv.edu/~matt,Oh3z3nEAAAAJ
Jan Bender,RWTH Aachen University,https://www.animation.rwth-aachen.de,POEoFagAAAAJ
Jan Beutel,University of Innsbruck,https://www.uibk.ac.at/informatik/forschung/professorinnen.html.de,LRkwAAAAJ
Jan Bosch,Chalmers/GU,https://www.chalmers.se/en/staff/Pages/jan-bosch.aspx,Wr6oSWIAAAAJ
Jan Bouda,Masaryk University,https://www.muni.cz/en/people/3717,To23LQMAAAAJ
Jan Bækgaard Pedersen,University of Nevada Las Vegas,http://www.egr.unlv.edu/~matt,Oh3z3nEAAAAJ
Jan C. van Gemert,TU Delft,https://www.tudelft.nl/ewi/over-de-faculteit/afdelingen/intelligent-systems/pattern-recognition-bioinformatics/computer-vision-lab/people/jan-van-gemert,JUdMRGcAAAAJ
Jan Carlo Barca,Monash University,http://monash.edu/research/explore/en/persons/jan-barca(b809a264-a966-4c49-b3b3-1425a47f97ee).html,bZQ0r6YAAAAJ
Jan Carlson,Mälardalen University,http://www.es.mdh.se/staff/40-Jan_Carlson,gH5Au04AAAAJ
Jan Cederquist,Universidade de Lisboa,http://web.ist.utl.pt/~ist24691,ImQ41W0AAAAJ
Jan Cernocký,Brno University of Technology,https://www.fit.vut.cz/person/cernocky,BnfCLXcAAAAJ
Jan Chomicki,University at Buffalo,https://www.cse.buffalo.edu/~chomicki,twwFv3QAAAAJ
Jan Chorowski,University of Wroclaw,http://ii.uni.wroc.pl/instytut/pracownicy/15,Yc94070AAAAJ
Jan Ehlers,Bauhaus University Weimar,https://www.uni-weimar.de/en/media/chairs/computer-science-department/usability-research-group/group/vertretungs-professor-dr-jan-ehlers,NOSCHOLARPAGE
Jan F. Prins,University of North Carolina,http://www.cs.unc.edu/~prins,VFMbBPgAAAAJ
Jan Faigl,Czech Technical University,http://robotics.fel.cvut.cz/faigl,-finD_sAAAAJ
Jan Friso Groote,TU Eindhoven,http://www.win.tue.nl/~jfg,fZ3cdbUAAAAJ
Jan Gugenheimer,TU Darmstadt,https://www.gugenheimer.com,DkjBHDUAAAAJ
Jan Hajic,Charles University,https://ufal.mff.cuni.cz/jan-hajic,PRGTBUoAAAAJ
Jan Hidders,Birkbeck University of London,https://www.dcs.bbk.ac.uk/about/people/academic-staff/hidders-jan,EHD4dXkAAAAJ
Jan Hoffmann 0002,Carnegie Mellon University,http://www.cs.cmu.edu/~janh,gdWrCjEAAAAJ
Jan Honza Cernocký,Brno University of Technology,https://www.fit.vut.cz/person/cernocky,BnfCLXcAAAAJ
Jan Hubicka,Charles University,http://www.ucw.cz/~hubicka,vhXJ0JEAAAAJ
Jan Ingemar Markendahl,KTH Royal Institute of Technology,https://www.kth.se/profile/janmar,Yy6WaDkAAAAJ
Jan J. M. M. Rutten,CWI,https://www.cwi.nl/people/127,NOSCHOLARPAGE
Jan Jonsson,Chalmers/GU,https://www.chalmers.se/en/staff/Pages/janjo.aspx,NOSCHOLARPAGE
Jan Jürjens,University of Koblenz-Landau,https://www.uni-koblenz-landau.de/de/koblenz/fb4/ist/rgse/staff/jan-juerjens,erI33mgAAAAJ
Jan Kloppenborg Møller,DTU,https://www.compute.dtu.dk/english,NOSCHOLARPAGE
Jan Kofron,Charles University,https://d3s.mff.cuni.cz/people/jankofron,Q551wNIAAAAJ
Jan Komorowski,IPI PAN,https://ipipan.waw.pl/instytut/pracownicy/henryk-jan-komorowski,P6CBNTMAAAAJ
Jan Kratochvíl,Charles University,https://kam.mff.cuni.cz/~honza,AUbareUAAAAJ
Jan Kretinsky,Masaryk University,https://www7.in.tum.de/~kretinsk,w4KVyKAAAAAJ
Jan Kretínský,Masaryk University,https://www7.in.tum.de/~kretinsk,w4KVyKAAAAAJ
Jan Kybic,Czech Technical University,http://cmp.felk.cvut.cz/~kybic,QwIATDoAAAAJ
Jan Kyncl,Charles University,https://kam.mff.cuni.cz/~kyncl,08jlpUUAAAAJ
Jan Lellmann,University of Lübeck,https://www.mic.uni-luebeck.de/people/jan-lellmann.html,AyjlTxMAAAAJ
Jan M. Allbeck,George Mason University,http://cs.gmu.edu/~jallbeck,GF-eRaMAAAAJ
Jan M. Rabaey,Univ. of California - Berkeley,https://www2.eecs.berkeley.edu/Faculty/Homepages/rabaey.html,GP64q_kAAAAJ
Jan Maas,IST Austria,https://ist.ac.at/research/research-groups/maas-group,Cm3vCpUAAAAJ
Jan Madey,University of Warsaw,http://www.eunis.org/organization/jan-madey-bio,NOSCHOLARPAGE
Jan Madsen,DTU,https://www.compute.dtu.dk/english,NOSCHOLARPAGE
Jan Mendling,Humboldt University of Berlin,https://www.informatik.hu-berlin.de/de/forschung/gebiete/promis/team/mendling,e3LVAMEAAAAJ
Jan Mielniczuk,IPI PAN,https://ipipan.waw.pl/instytut/pracownicy/jan-mielniczuk,O9m65cYAAAAJ
Jan Modersitzki,University of Lübeck,https://www.mic.uni-luebeck.de/people/jan-modersitzki.html,kjJlVk8AAAAJ
Jan N. van Rijn,Leiden University,https://www.universiteitleiden.nl/en/staffmembers/jan-van-rijn#tab-2,O4X5CpwAAAAJ
Jan O. Borchers,RWTH Aachen University,https://hci.rwth-aachen.de/borchers,BN5-ACgAAAAJ
Jan Obdrzálek,Masaryk University,https://www.muni.cz/en/people/1552,x9S-uaAAAAAJ
Jan Oliver Borchers,RWTH Aachen University,https://hci.rwth-aachen.de/borchers,BN5-ACgAAAAJ
Jan Otop,University of Wroclaw,http://popl16.sigplan.org/profile/janotop,EueQHIgAAAAJ
Jan P. H. van Santen,OHSU,http://cslu.ohsu.edu/~vansanten,NOSCHOLARPAGE
Jan P. de Ruiter,Tufts University,http://www.uni-bielefeld.de/lili/personen/jruiter,NOSCHOLARPAGE
Jan Paredis,Maastricht University,https://www.maastrichtuniversity.nl/j.paredis,hJqMjHYAAAAJ
Jan Paul Siebert,University of Glasgow,http://www.dcs.gla.ac.uk/~psiebert,DoEOa80AAAAJ
Jan Pedersen 0001,University of Nevada Las Vegas,http://www.egr.unlv.edu/~matt,Oh3z3nEAAAAJ
Jan Peleska 0001,University of Bremen,http://www.informatik.uni-bremen.de/agbs/jp,NOSCHOLARPAGE
Jan Peter de Ruiter,Tufts University,http://www.uni-bielefeld.de/lili/personen/jruiter,NOSCHOLARPAGE
Jan Peters 0001,TU Darmstadt,https://www.ias.informatik.tu-darmstadt.de/Team/JanPeters,-kIVAcAAAAAJ
Jan Prins,University of North Carolina,http://www.cs.unc.edu/~prins,VFMbBPgAAAAJ
Jan Ramon,CRIStAL,https://www.cristal.univ-lille.fr/profil/jramon,NOSCHOLARPAGE
Jan Reineke 0001,Saarland University,http://embedded.cs.uni-saarland.de/reineke.php,s1otaQ0AAAAJ
Jan Rutten,CWI,https://www.cwi.nl/people/127,NOSCHOLARPAGE
Jan S. Rellermeyer,University of Hannover,https://www.ise.uni-hannover.de/rellermeyer,hnCSi8gAAAAJ
Jan Schröder,University of Melbourne,https://www.findanexpert.unimelb.edu.au/display/person304961,EoQ2NZsAAAAJ
Jan Skansholm,Chalmers/GU,https://www.chalmers.se/en/staff/Pages/skanshol.aspx,NOSCHOLARPAGE
Jan Smith,Chalmers/GU,https://www.chalmers.se/en/staff/Pages/smith.aspx,NOSCHOLARPAGE
Jan Stage,Aalborg University,http://people.cs.aau.dk/~jans,6fgR7XcAAAAJ
Jan Strejcek,Masaryk University,https://www.muni.cz/en/people/3366,2Bdz-iAAAAAJ
Jan Tretmans,Radboud University,http://www.cs.ru.nl/~tretmans,J_y4V0UAAAAJ
Jan Treur,VU Amsterdam,http://www.cs.vu.nl/~treur,2NzjnkYAAAAJ
Jan Vahrenhold,University of Münster,https://www.uni-muenster.de/Informatik.AGVahrenhold/personen/prof.dr.janvahrenhold/index.html,NOSCHOLARPAGE
Jan Vitek,Northeastern University,https://www.khoury.northeastern.edu/people/jan-vitek/,Ws0GjboAAAAJ
Jan van Eijck,CWI,http://homepages.cwi.nl/~jve,ptYHch4AAAAJ
Jan van Gemert,TU Delft,https://www.tudelft.nl/ewi/over-de-faculteit/afdelingen/intelligent-systems/pattern-recognition-bioinformatics/computer-vision-lab/people/jan-van-gemert,JUdMRGcAAAAJ
Jan van Leeuwen,Utrecht University,https://www.uu.nl/staff/JvanLeeuwen1,7s_pSa4AAAAJ
Jan van den Brand,Georgia Institute of Technology,https://faculty.cc.gatech.edu/~vdbrand/,56fOepEAAAAJ
Jan-J. Rückmann,University of Bergen,https://www.uib.no/en/persons/Jan-Joachim.R%C3%BCckmann,NOSCHOLARPAGE
Jan-Philipp Steghöfer,Chalmers/GU,https://www.chalmers.se/en/staff/Pages/jan-philipp-steghofer.aspx,NOSCHOLARPAGE
Jan-Willem van de Meent,University of Amsterdam,https://www.ccs.neu.edu/home/jwvdm,CX9Lu38AAAAJ
Jana Dittmann,University of Magdeburg,https://omen.cs.uni-magdeburg.de/itiamsl/deutsch/home/index.html,NOSCHOLARPAGE
Jana Giceva,TU Munich,https://db.in.tum.de/~giceva,O7xc9uEAAAAJ
Jana Koehler,Saarland University,https://www.dfki.de/en/web/about-us/employee/person/jako01,lLSyJr0AAAAJ
Jana Kosecka,George Mason University,https://cs.gmu.edu/~kosecka,sQ6l4sMAAAAJ
Jana Kosecká,George Mason University,https://cs.gmu.edu/~kosecka,sQ6l4sMAAAAJ
Jana Köhler,Saarland University,https://www.dfki.de/en/web/about-us/employee/person/jako01,lLSyJr0AAAAJ
Jana M. Weber,TU Delft,https://www.tudelft.nl/en/ewi/over-de-faculteit/afdelingen/intelligent-systems/pattern-recognition-bioinformatics/the-delft-bioinformatics-lab/people/jana-m-weber,FNkdn44AAAAJ
Janaina Mourão Miranda,University College London,https://iris.ucl.ac.uk/iris/browse/profile?upi=JMOUR63,CeWaBjcAAAAJ
Janaka V. Wijayakulasooriya,University of Peradeniya,https://eng.pdn.ac.lk/deee/academic-staff/dr.j.wijayakulasooriya/index.html,aw_EvZ4AAAAJ
Janaki Srinivasan,IIIT Bangalore,https://janakisrinivasan.wordpress.com,_SN8PK8AAAAJ
Janakiram Dharanipragada,IIT Madras,http://dos.iitm.ac.in/djwebsite,zxpFxq8AAAAJ
Janardhan Rao (Jana) Doppa,Washington State University,http://eecs.wsu.edu/~jana,x2mdFuwAAAAJ
Janardhan Rao Doppa,Washington State University,http://eecs.wsu.edu/~jana,x2mdFuwAAAAJ
Janche Sang,Cleveland State University,http://cis.csuohio.edu/~sang,NOSCHOLARPAGE
Jane Bromley,Open University UK,http://stem.open.ac.uk/people/jmb995,W2pvAfEAAAAJ
Jane Cleland-Huang,University of Notre Dame,https://engineering.nd.edu/profiles/jcleland-huang,IQ5XCgYAAAAJ
Jane E. Sinclair,University of Warwick,https://warwick.ac.uk/fac/sci/dcs/people/jane_sinclair,NOSCHOLARPAGE
Jane Goodyer,Massey University,https://www.massey.ac.nz/massey/learning/colleges/college-of-sciences/staff-list.cfm?stref=168930,NOSCHOLARPAGE
Jane Hayes,University of Kentucky,http://selab.netlab.uky.edu/homepage,vDBB56cAAAAJ
Jane Hillston,University of Edinburgh,http://homepages.inf.ed.ac.uk/jeh,4hUZomAAAAAJ
Jane Hsu 0001,National Taiwan University,https://iagentntu.github.io/professor/Jane.html,FEj19lcAAAAJ
Jane Huffman Hayes,University of Kentucky,http://selab.netlab.uky.edu/homepage,vDBB56cAAAAJ
Jane Hunter,University of Queensland,http://staff.itee.uq.edu.au/jane,JMiJkd4AAAAJ
Jane Yung-Jen Hsu,National Taiwan University,https://iagentntu.github.io/professor/Jane.html,FEj19lcAAAAJ
Janelle J. Harms,University of Alberta,https://webdocs.cs.ualberta.ca/~harms,NOSCHOLARPAGE
Janet Carter,University of Kent,https://www.cs.kent.ac.uk/~jec,cYFNmnIAAAAJ
Janet Feigenspan,TU Chemnitz,https://www.tu-chemnitz.de/informatik/ST/professur/professor.php,Lg3MjDMAAAAJ
Janet Hughes,Open University UK,http://stem.open.ac.uk/people/jh33848,4wx88JEAAAAJ
Janet L. Kolodner,Georgia Institute of Technology,https://home.cc.gatech.edu/jlk,NOSCHOLARPAGE
Janet Siegmund,TU Chemnitz,https://www.tu-chemnitz.de/informatik/ST/professur/professor.php,Lg3MjDMAAAAJ
Janet Wiles,University of Queensland,http://staff.itee.uq.edu.au/janetw,9z0LeRYAAAAJ
Janet van der Linden,Open University UK,http://stem.open.ac.uk/people/jasdl2,DPwfEgYAAAAJ
Jang Hyun Kim,Sungkyunkwan University,https://sites.google.com/g.skku.edu/dssal,lYAY8CwAAAAJ
Jang-Ping Sheu,National Tsing Hua University,http://hscc.cs.nthu.edu.tw/~sheujp,xlzYeMsAAAAJ
Jangwoo Kim,Seoul National University,https://hpcs.snu.ac.kr/~jangwoo,bAIDlXEAAAAJ
Janice I. Glasgow,Queen’s University,http://www.cs.queensu.ca/home/janice,NOSCHOLARPAGE
Janis Voigtländer,University of Duisburg-Essen,https://www.uni-due.de/fmi/voigtlaender,YLsrQCYAAAAJ
Janki Bhimani,Florida International University,https://www.cis.fiu.edu/faculty-staff/bhimani-janki,Fnv9DbgAAAAJ&hl
Janne Lindqvist,Aalto University,https://www.lindqvistlab.org,rOW28UoAAAAJ
Jano M. Souza,UFRJ,http://www.cos.ufrj.br/~jano,WSrB70EAAAAJ
Jano Moreira de Souza,UFRJ,http://www.cos.ufrj.br/~jano,WSrB70EAAAAJ
Janos Makowsky,Technion,http://www.cs.technion.ac.il/~janos,ooNKL6UAAAAJ
Janos Simon,University of Chicago,https://www.cs.uchicago.edu/~simon,gyIf7XIAAAAJ
Janos Sztipanovits,Vanderbilt University,https://engineering.vanderbilt.edu/bio/?pid=janos-sztipanovits,y_HDkOYAAAAJ
Janus A. Pouwelse,TU Delft,http://www.ds.ewi.tudelft.nl/pouwelse,pprQKjUAAAAJ
Janyce Wiebe,University of Pittsburgh,https://people.cs.pitt.edu/~wiebe,EDC2EP0AAAAJ
Jaqueline Smith,University of Toronto,http://www.jesmith.ca,Ak1zZAUAAAAJ
Jara Uitto,Aalto University,https://users.aalto.fi/~uittoj3,yzmXt14AAAAJ
Jared Saia,University of New Mexico,http://www.cs.unm.edu/~saia,Ne9-wmAAAAAJ
Jarek Gryz,York University,http://www.cs.yorku.ca/~jarek,LcD8HZcAAAAJ
Jarek Nabrzyski,University of Notre Dame,https://crc.nd.edu/index.php/leadership/jarek-nabrzyski,pLSWiEcAAAAJ
Jarek Rossignac,Georgia Institute of Technology,http://www.cc.gatech.edu/~jarek,Q3KRC5gAAAAJ
Jari Korhonen,University of Aberdeen,https://www.abdn.ac.uk/people/jari.korhonen,IrbP5FUAAAAJ
Jari Saramäki,Aalto University,https://people.aalto.fi/new/jari.saramaki,KA6xtQ0AAAAJ
Jarik Nesetril,Charles University,https://iuuk.mff.cuni.cz/~nesetril/en,YPineKcAAAAJ
Jarke J. van Wijk,TU Eindhoven,http://www.win.tue.nl/~vanwijk,1F_eX28AAAAJ
Jarmo Rantakokko,Uppsala University,http://www.it.uu.se/katalog/jarmo,NOSCHOLARPAGE
Jarno Vanne,Tampere University,https://www.tuni.fi/en/jarno-vanne,97jUa9gAAAAJ
Jaron Mink,Arizona State University,https://search.asu.edu/profile/5138620,gFMWtc8AAAAJ
Jaroslav Nesetril,Charles University,https://iuuk.mff.cuni.cz/~nesetril/en,YPineKcAAAAJ
Jaroslaw Byrka,University of Wroclaw,http://www.ii.uni.wroc.pl/~jby,NOSCHOLARPAGE
Jaroslaw Nabrzyski,University of Notre Dame,https://crc.nd.edu/index.php/leadership/jarek-nabrzyski,pLSWiEcAAAAJ
Jaroslaw R. Rossignac,Georgia Institute of Technology,http://www.cc.gatech.edu/~jarek,Q3KRC5gAAAAJ
Jaroslaw Zola,University at Buffalo,http://www.cse.buffalo.edu/people/?u=jzola,bbfF1OwAAAAJ
Jarred Ligatti,University of South Florida,http://www.cse.usf.edu/~ligatti,xmQREcEAAAAJ
Jarrod Knibbe,University of Melbourne,https://findanexpert.unimelb.edu.au/profile/860467-jarrod-knibbe,FOsmPdoAAAAJ
Jaruloj Eamsiri Chongstitvatana,Chulalongkorn University,http://65.54.113.26/Author/3358202/jaruloj-eamsiri-chongstitvatana,NOSCHOLARPAGE
Jasine Babu,IIT Palakkad,https://iitpkd.ac.in/people/jasine,TgjNkowAAAAJ
Jasleen Kaur 0001,University of North Carolina,http://www.cs.unc.edu/~jasleen,K9_NT-MAAAAJ
Jasmijn A. Baaijens,TU Delft,https://www.tudelft.nl/en/ewi/over-de-faculteit/afdelingen/intelligent-systems/pattern-recognition-bioinformatics/the-delft-bioinformatics-lab/people/jasmijn-baaijens,Wf6FjvIAAAAJ
Jasmijn Baaijens,TU Delft,https://www.tudelft.nl/en/ewi/over-de-faculteit/afdelingen/intelligent-systems/pattern-recognition-bioinformatics/the-delft-bioinformatics-lab/people/jasmijn-baaijens,Wf6FjvIAAAAJ
Jasmin Blanchette,LMU Munich,https://www.tcs.ifi.lmu.de/mitarbeiter/jasmin-blanchette_de.html,OpuTG3IAAAAJ
Jasmin Christian Blanchette,LMU Munich,https://www.tcs.ifi.lmu.de/mitarbeiter/jasmin-blanchette_de.html,OpuTG3IAAAAJ
Jason A. D. Atkin,University of Nottingham,https://www.nottingham.ac.uk/computerscience/people/jason.atkin,Dor8JVYAAAAJ
Jason Adam David Atkin,University of Nottingham,https://www.nottingham.ac.uk/computerscience/people/jason.atkin,Dor8JVYAAAAJ
Jason Alexander,University of Bath,http://www.jasonalexander.kiwi,gxT8_4EAAAAJ
Jason Alexis Valentine Crampton,Royal Holloway University of London,https://pure.royalholloway.ac.uk/en/persons/jason-crampton,asPMwYoAAAAJ
Jason Cong,Univ. of California - Los Angeles,http://vast.cs.ucla.edu/people/faculty/jason-cong,UVGe0gQAAAAJ
Jason Crampton,Royal Holloway University of London,https://pure.royalholloway.ac.uk/en/persons/jason-crampton,asPMwYoAAAAJ
Jason D. Bakos,University of South Carolina,https://cse.sc.edu/~jbakos,pXa_QqEAAAAJ
Jason D. Hartline,Northwestern University,https://sites.northwestern.edu/hartline,AdAd4QIAAAAJ
Jason D. Lee,Princeton University,https://jasondlee88.github.io,GR_DsT0AAAAJ
Jason Dykes,City University of London,https://www.city.ac.uk/people/academics/jason-dykes,oLOjCQoAAAAJ
Jason Eisner,Johns Hopkins University,http://www.cs.jhu.edu/~jason,tjb2UccAAAAJ
Jason Ernst,Univ. of California - Los Angeles,http://www.biolchem.ucla.edu/labs/ernst,XoMpU7gAAAAJ
Jason F. Ralph,University of Liverpool,https://liverpool.ac.uk/electrical-engineering-and-electronics/staff/jason-ralph,q0xW5igAAAAJ
Jason Ford,Queensland University of Technology,https://research.qut.edu.au/qcr/people/jason-ford,McVsAAAAJ
Jason I. Hong,Carnegie Mellon University,http://www.cs.cmu.edu/~jasonh,MoFbcc0AAAAJ
Jason J. Corso,University of Michigan,https://web.eecs.umich.edu/~jjcorso/,g9bV-_sAAAAJ
Jason J. Ford,Queensland University of Technology,https://research.qut.edu.au/qcr/people/jason-ford,McVsAAAAJ
Jason Jue,University of Texas at Dallas,http://www.utdallas.edu/~jjue,8EDESdwAAAAJ
Jason L. Pacheco,University of Arizona,https://www2.cs.arizona.edu/~pachecoj,71ZEsnEAAAAJ
Jason Leigh,University of Hawaii at Manoa,http://www2.hawaii.edu/~leighj,5KgriYAAAAAJ
Jason Li 0006,Carnegie Mellon University,https://q3r.github.io,NOSCHOLARPAGE
Jason Liu,Florida International University,http://www.cis.fiu.edu/~liux,l8b0bfcAAAAJ
Jason Liu 0001,Florida International University,http://www.cis.fiu.edu/~liux,l8b0bfcAAAAJ
Jason Lowe-Power,Univ. of California - Davis,https://faculty.engineering.ucdavis.edu/lowepower,7m7TYQsAAAAJ
Jason M. Bindewald,Air Force Institute of Technology,https://scholar.afit.edu/docs/21,NOSCHOLARPAGE
Jason M. O'Kane,Texas A&M University,https://jokane.net/,ETFTMZMAAAAJ
Jason Mars,University of Michigan,http://jasonmars.org,Fn5PadcAAAAJ
Jason Nieh,Columbia University,https://www.cs.columbia.edu/~nieh,UGrnqBUAAAAJ
Jason O. Hallstrom,Florida Atlantic University,http://www.eng.fau.edu/directory/faculty/hallstrom,NOSCHOLARPAGE
Jason Orlosky,Augusta University,https://www.jeoresearch.com,QLSRDi8AAAAJ
Jason Pacheco,University of Arizona,https://www2.cs.arizona.edu/~pachecoj,71ZEsnEAAAAJ
Jason Polakis,University of Illinois at Chicago,https://www.cs.uic.edu/~polakis,OgJKomcAAAAJ
Jason Power,Univ. of California - Davis,https://faculty.engineering.ucdavis.edu/lowepower,7m7TYQsAAAAJ
Jason S. Chang,National Tsing Hua University,http://www.nlplab.cc,8HaVIjQAAAAJ
Jason T. L. Wang,NJIT,https://web.njit.edu/~wangj,NOSCHOLARPAGE
Jason Tsong-Li Wang,NJIT,https://web.njit.edu/~wangj,NOSCHOLARPAGE
Jason Wiese,University of Utah,http://www.cs.utah.edu/~wiese,OsEwCzoAAAAJ
Jason Williams,Augusta University,https://www.augusta.edu/faculty/directory/view.php?id=JWILLIAMS45,wgRoG-kAAAAJ
Jason Wyse,Trinity College Dublin,https://www.scss.tcd.ie/Jason.Wyse,8tKZNXgAAAAJ
Jason Xue 0001,MBZUAI,https://mbzuai.ac.ae/study/faculty/chun-jason-xue,C6oyGQkAAAAJ
Jason Xue 0002,University of Adelaide,https://www.adelaide.edu.au/directory/jason.xue,jdqkm1IAAAAJ
Jason Yi-Bing Lin,National Chiao Tung University,http://liny.csie.nctu.edu.tw,NOSCHOLARPAGE
Jaspal Subhlok,University of Houston,http://www2.cs.uh.edu/~jaspal,casX4XgAAAAJ
Jasper C. H. Lee,Univ. of California - Davis,https://cs.ucdavis.edu/people/jasper-lee,z0Y4snAAAAAJ
Jassim Happa,Royal Holloway University of London,https://pure.royalholloway.ac.uk/en/persons/jassim-happa,NOSCHOLARPAGE
Jaswinder Pal Singh,Princeton University,https://www.cs.princeton.edu/people/profile/jps,n5qO2U8AAAAJ
Jatin Batra,Tata Inst. of Fundamental Research,https://www.tcs.tifr.res.in/web/people/faculty,NOSCHOLARPAGE
Jatindra Kumar Deka,IIT Guwahati,https://www.iitg.ernet.in/jatin,yCTfZRwAAAAJ
Javad Sadri,Concordia University,https://users.encs.concordia.ca/~j_sadri,DYai0j0AAAAJ
Javed A. Aslam,Northeastern University,http://www.ccs.neu.edu/home/jaa,-spRnaQAAAAJ
Javed Khan,Kent State University,http://www.cs.kent.edu/~javed,NOSCHOLARPAGE
Javen Shi,University of Adelaide,https://cs.adelaide.edu.au/~javen,h6O9vYkAAAAJ
Javier Andrade,University of A Coruña,https://pdi.udc.es/en/File/Pdi/7379E,NOSCHOLARPAGE
Javier Andrade Garda,University of A Coruña,https://pdi.udc.es/en/File/Pdi/7379E,NOSCHOLARPAGE
Javier Andreu-Perez,University of Essex,https://www.essex.ac.uk/people/andre09407/javier-andreu-perez,1m4DHQQAAAAJ
Javier Andréu Pérez,University of Essex,https://www.essex.ac.uk/people/andre09407/javier-andreu-perez,1m4DHQQAAAAJ
Javier Andréu-Pérez,University of Essex,https://www.essex.ac.uk/people/andre09407/javier-andreu-perez,1m4DHQQAAAAJ
Javier Cuenca,University of Murcia,http://ditec.um.es/%7Ejaviercm/index_english.html,VfJyirIAAAAJ
Javier Cámara 0001,University of York,http://www.javicamara.com,iMMncw8AAAAJ
Javier Cámara Moreno,University of York,http://www.javicamara.com,iMMncw8AAAAJ
Javier Esparza,TU Munich,https://www7.in.tum.de/people/detail/index.php?id=people.detail&arg=33,c9qgPSYAAAAJ
Javier Guerrero,Washington State University,https://foundation.wsu.edu/2013/04/12/solar-car-donation-accelerates-renewables-education,ntHlYjcAAAAJ
Javier L. Marenco,University of Buenos Aires,https://www.dc.uba.ar/rrhh/profesores/marenco,NOSCHOLARPAGE
Javier Marenco,University of Buenos Aires,https://www.dc.uba.ar/rrhh/profesores/marenco,NOSCHOLARPAGE
Javier Navaridas,University of Manchester,https://personalpages.manchester.ac.uk/staff/javier.navaridas,A6LgSWkAAAAJ
Javier Parapar,University of A Coruña,https://www.dc.fi.udc.es/~parapar,NsUR93MAAAAJ
Javier Ruiz-Hidalgo,Polytechnic University of Catalonia,https://imatge.upc.edu/web/people/javier-ruiz-hidalgo,1eAA6ggAAAAJ
Jay Aslam,Northeastern University,http://www.ccs.neu.edu/home/jaa,-spRnaQAAAAJ
Jay Jackson,Rochester Institute of Technology,http://www.rit.edu/gccis/igm/jay-jackson,oyMWftgAAAAJ
Jay Ligatti,University of South Florida,http://www.cse.usf.edu/~ligatti,xmQREcEAAAAJ
Jay McCarthy,University of Massachusetts Lowell,https://jeapostrophe.github.io/home,imyMtsYAAAAJ
Jay Sarraf,KIIT Bhubaneswar,https://cse.kiit.ac.in/profiles/jay-sarraf/,Jr7fbNEAAAAJ
Jay Taneja,University of Massachusetts Amherst,http://www.jaytaneja.com,HtjUcEYAAAAJ
JayPrakash Lalchandani,IIIT Bangalore,http://www.iiitb.ac.in/faculty_page.php?name=JayprakashTLalchandani,NOSCHOLARPAGE
Jaya Prakash Champati,University of Victoria,https://www.uvic.ca/ecs/computerscience/people/faculty/profiles/champati-jaya.php,9zjERPkAAAAJ
Jaya Sreevalsan Nair,IIIT Bangalore,http://www.iiitb.ac.in/faculty_page.php?name=JayaSreevalsanNair,Hh2xBGsAAAAJ
Jayadev Acharya,Cornell University,http://people.ece.cornell.edu/acharya,70vJVxcAAAAJ
Jayadev Misra,University of Texas at Austin,http://www.cs.utexas.edu/~misra,NOSCHOLARPAGE
Jayalal Sarma,IIT Madras,http://www.cse.iitm.ac.in/~jayalal,OzXbU7kAAAAJ
Jayant R. Haritsa,IISc Bangalore,http://dsl.cds.iisc.ac.in/~haritsa,dc626ewAAAAJ
Jayanta Mukherjee 0001,IIT Kharagpur,http://www.facweb.iitkgp.ac.in/~jay,NOSCHOLARPAGE
Jayanta Mukhopadhyay,IIT Kharagpur,http://www.facweb.iitkgp.ac.in/~jay,NOSCHOLARPAGE
Jayanthi Sivaswamy,IIIT Hyderabad,https://www.iiit.ac.in/people/faculty/jsivaswamy,HfATfbMAAAAJ
Jayme Luiz Szwarcfiter,UFRJ,http://www.cos.ufrj.br/~jayme,cjQH4G0AAAAJ
Jaynarayan T. Tudu,IIT Tirupati,https://jayresearch.github.io/,dEQ9NFcAAAAJ
Jayne Wu,University of Tennessee,http://www.eecs.utk.edu/people/faculty/jwu10,oXoWM_QAAAAJ
Jayson Boubin,Binghamton University,https://www.binghamton.edu/computer-science/people/profile.html?id=jboubin,JwIpWcwAAAAJ
Jayson G. Boubin,Binghamton University,https://www.binghamton.edu/computer-science/people/profile.html?id=jboubin,JwIpWcwAAAAJ
Jean C. Walrand,Univ. of California - Berkeley,https://www2.eecs.berkeley.edu/Faculty/Homepages/walrand.html,rPU7fz0AAAAJ
Jean Cardinal,Université libre de Bruxelles,http://www.ulb.ac.be/di/algo/jcardin,RGGbPQEAAAAJ
Jean Chamberlain Chedjou,University of Klagenfurt,https://www.aau.at/team/chedjou-jean-chamberlain,R_-76k0AAAAJ
Jean Christoph Jung,TU Dortmund,https://logic-in.cs.tu-dortmund.de/personen/profs/jean-christoph-jung/,wj3Axj0AAAAJ
Jean Fan,Johns Hopkins University,https://jef.works,EEX1uGwAAAAJ
Jean Gao,University of Texas at Arlington,http://crystal.uta.edu/~gao,NOSCHOLARPAGE
Jean Goubault,Ecole Normale Superieure de Cachan,http://www.lsv.ens-cachan.fr/~goubault/?l=fr,NOSCHOLARPAGE
Jean Goubault-Larrecq,Ecole Normale Superieure de Cachan,http://www.lsv.ens-cachan.fr/~goubault/?l=fr,NOSCHOLARPAGE
Jean Gourd,Louisiana Tech University,https://www.latech.edu/faculty-staff/single-entry/name/jean-gourd,NOSCHOLARPAGE
Jean H. Gallier,University of Pennsylvania,http://www.cis.upenn.edu/~jean,kYK4tvsAAAAJ
Jean Jyh-Jiun Shann,National Chiao Tung University,https://www.cs.nctu.edu.tw/members/detail/jjshann,NOSCHOLARPAGE
Jean Mayo,Michigan Technological University,https://www.mtu.edu/cs/department/faculty-staff/faculty/mayo,MjIy_X0AAAAJ
Jean Meunier,University of Montreal,http://www.iro.umontreal.ca/~meunier,El03_L8AAAAJ
Jean Paul Degabriele,TU Darmstadt,https://degabriele.info,UeIJ6RYAAAAJ
Jean Petric,Lancaster University,https://www.lancaster.ac.uk/scc/about-us/people/jean-petric,gfAm1nkAAAAJ
Jean Pichon-Pharabod,Aarhus University,https://jeanpichon.github.io/,ReYyKJAAAAAJ
Jean Ponce,Ecole Normale Superieure,http://www.di.ens.fr/~ponce,vC2vywcAAAAJ
Jean Privat,Université du Québec à Montréal,https://info.uqam.ca/~privat/,NOSCHOLARPAGE
Jean Vuillemin,Ecole Normale Superieure,http://www.di.ens.fr/~jv,tPVtuMwAAAAJ
Jean-Baptiste Jeannin,University of Michigan,http://www-personal.umich.edu/~jeannin,o9GQ8w4AAAAJ
Jean-Baptiste Tristan,Boston College,https://jtristan.github.io,iMs3HJoAAAAJ
Jean-Bernard Stefani,Ecole Normale Superieure de Lyon,http://www.ens-lyon.fr/annuaire/m-stefani-jean-bernard-273376.kjsp?RH=ENS-LYON,vTA9tNcAAAAJ
Jean-Charles Bazin,KAIST,http://rcv.kaist.ac.kr/v2/bbs/member_detail.php?mb_id=jcrennes,XPZLx-8AAAAJ
Jean-Christophe Mignot,Ecole Normale Superieure de Lyon,http://perso.ens-lyon.fr/jean-christophe.mignot,xQda7H8AAAAJ
Jean-Christophe Routier,CRIStAL,http://cristal.univ-lille.fr/~routier,NOSCHOLARPAGE
Jean-Claude Tarby,CRIStAL,http://cristal.univ-lille.fr/~jctarby,FcMxq-0AAAAJ
Jean-François Lalonde,Université Laval,http://vision.gel.ulaval.ca/~jflalonde,hW9fwNYAAAAJ
Jean-François Raskin,Université libre de Bruxelles,http://www.ulb.ac.be/di/ssd/jfr,NOSCHOLARPAGE
Jean-Lou De Carufel,University of Ottawa,https://engineering.uottawa.ca/eecs/people/carufel-jean-lou,wwoudWYAAAAJ
Jean-Luc Dekeyser,CRIStAL,http://cristal.univ-lille.fr/~dekeyser,NOSCHOLARPAGE
Jean-Luc Lugrin,University of Würzburg,https://www.hci.uni-wuerzburg.de/people/jeanluc,V3FLc9IAAAAJ
Jean-Marc Geib,CRIStAL,https://www.cristal.univ-lille.fr/profil/geib,NOSCHOLARPAGE
Jean-Michel Muller,Ecole Normale Superieure de Lyon,http://perso.ens-lyon.fr/jean-michel.muller,q6Be-msAAAAJ
Jean-Patrick Gelas,Ecole Normale Superieure de Lyon,http://perso.ens-lyon.fr/jean-patrick.gelas,NMd2LuIAAAAJ
Jean-Philippe Vandeborre,CRIStAL,https://www.cristal.univ-lille.fr/profil/vandebor,myhkjkwAAAAJ
Jean-Pierre Corriveau,Carleton University,http://www.scs.carleton.ca/~jeanpier,SmEIZO0AAAAJ
Jean-Pierre Dussault,Université de Sherbrooke,https://www.usherbrooke.ca/informatique/personnel/corps-professoral/professeurs/jean-pierre-dussault,NOSCHOLARPAGE
Jean-Pierre Hubaux,EPFL,https://people.epfl.ch/jean-pierre.hubaux,W7YBLlEAAAAJ
Jean-Pierre Seifert,TU Berlin,https://www.eecs.tu-berlin.de/menue/einrichtungen/professuren/professorinnen/seifert,aYbydEMAAAAJ
Jean-Stéphane Varré,CRIStAL,http://cristal.univ-lille.fr/~varre,NOSCHOLARPAGE
Jean-Sébastien Coron,University of Luxembourg,http://wwwen.uni.lu/recherche/fstc/laboratory_of_algorithmics_cryptology_and_security_lacs/members/jean_sebastien_coron,NOSCHOLARPAGE
Jean-Yves Guillemaut,University of Surrey,http://personal.ee.surrey.ac.uk/Personal/J.Guillemaut,xd8Ej6YAAAAJ
Jean-Yves Hervé,University of Rhode Island,https://web.uri.edu/cs/meet/jean-yves-herve/,NOSCHOLARPAGE
Jean-Yves L'Excellent,Ecole Normale Superieure de Lyon,http://perso.ens-lyon.fr/jean-yves.l.excellent,NOSCHOLARPAGE
Jean-Yves Le Boudec,EPFL,https://people.epfl.ch/jean-yves.leboudec,hLj70l8AAAAJ
Jean-Yves Moyen,University of Copenhagen,https://lipn.univ-paris13.fr/~moyen,PpkC9xUAAAAJ
Jean-Yves Potvin,University of Montreal,http://www.iro.umontreal.ca/~potvin,NOSCHOLARPAGE
Jean-luc Dugelay,EURECOM,http://www.eurecom.fr/~dugelay,VGK3IyUAAAAJ
Jeanette Falk,Aalborg University,http://jeanettefalk.com,8tAgGMUAAAAJ
Jeanette Hällgren Kotaleski,KTH Royal Institute of Technology,https://www.kth.se/profile/jeanette,55D57zgAAAAJ
Jeanine K. Stefanucci,University of Utah,https://psych.utah.edu/people/faculty/stefanucci-jeanine.php,zilifFEAAAAJ
Jeanine Stefanucci,University of Utah,https://psych.utah.edu/people/faculty/stefanucci-jeanine.php,zilifFEAAAAJ
Jeanne Ferrante,Univ. of California - San Diego,http://cseweb.ucsd.edu/~ferrante,NOSCHOLARPAGE
Jeannette Bohg,Stanford University,https://web.stanford.edu/~bohg/,rjnJnEkAAAAJ
Jed Brown,University of Colorado Boulder,https://www.colorado.edu/cs/users/jeka2967,x_9_NGwAAAAJ
Jed Crandall,Arizona State University,https://www.cs.unm.edu/~crandall,nOF9akgAAAAJ
Jed R. Brubaker,University of Colorado Boulder,http://www.colorado.edu/cmci/people/information-science/jed-brubaker,8LEH940AAAAJ
Jedidiah R. Crandall,Arizona State University,https://www.cs.unm.edu/~crandall,nOF9akgAAAAJ
Jee W. Choi,University of Oregon,https://cs.uoregon.edu/profile/jeec,yCA985IAAAAJ
Jeeeun Kim,Texas A&M University,http://www.jeeeunkim.com,zNjEAPwAAAAJ
Jeehoon Kang,KAIST,https://cp.kaist.ac.kr/jeehoon.kang,rVgfdSYAAAAJ
Jeewani Anupama Ginige,Western Sydney University,https://www.westernsydney.edu.au/staff_profiles/WSU/associate_professor_anupama_ginige,CeF-3BkAAAAJ
Jefersson A. dos Santos,University of Sheffield,https://www.sheffield.ac.uk/dcs/people/academic/jefersson-alex-dos-santos,wXQnnTUAAAAJ
Jefersson Alex dos Santos,University of Sheffield,https://www.sheffield.ac.uk/dcs/people/academic/jefersson-alex-dos-santos,wXQnnTUAAAAJ
Jeff A. Bilmes,University of Washington,https://people.ece.uw.edu/bilmes,L9QufAsAAAAJ
Jeff Carver 0001,The University of Alabama,http://carver.cs.ua.edu,qGe7nJ0AAAAJ
Jeff Clune,University of British Columbia,https://www.cs.ubc.ca/people/jeff-clune,5TZ7f5wAAAAJ
Jeff Dalton 0001,University of Edinburgh,http://www.inf.ed.ac.uk/people/staff/Jeff_Dalton.html,mgwLi-EAAAAJ
Jeff Edmonds,York University,http://www.cs.yorku.ca/~jeff,AjD7zfgAAAAJ
Jeff Erickson 0001,Univ. of Illinois at Urbana-Champaign,http://jeffe.cs.illinois.edu,uS9jHPkAAAAJ
Jeff Gray,The University of Alabama,http://gray.cs.ua.edu,83an8lYAAAAJ
Jeff Gray 0001,The University of Alabama,http://gray.cs.ua.edu,83an8lYAAAAJ
Jeff Heflin,Lehigh University,http://www.cse.lehigh.edu/~heflin,IKKQHqkAAAAJ
Jeff Huang 0001,Texas A&M University,https://parasol.tamu.edu/~jeff,UmrxW60AAAAJ
Jeff Huang 0002,Brown University,http://jeffhuang.com,o8oJ6s4AAAAJ
Jeff Kinne,Indiana State University,https://www.indstate.edu/faculty-staff/jeffrey-kinne,NOSCHOLARPAGE
Jeff Kramer,Imperial College London,http://wp.doc.ic.ac.uk/jk,t-fuDjMAAAAJ
Jeff Linderoth,University of Wisconsin - Madison,http://homepages.cae.wisc.edu/~linderot,gwM2aRIAAAAJ
Jeff M. Phillips,University of Utah,http://www.cs.utah.edu/~jeffp,aFDuhV8AAAAJ
Jeff Meunier,University of Connecticut,http://engr.uconn.edu/~jeffm,NOSCHOLARPAGE
Jeff Offutt,University at Albany - SUNY,https://www.albany.edu/computer-science/faculty/jeff-offutt,fAeRp3kAAAAJ
Jeff Orchard,University of Waterloo,https://cs.uwaterloo.ca/~jorchard/UWaterloo/Home.html,cAfBytAAAAAJ
Jeff T. Linderoth,University of Wisconsin - Madison,http://homepages.cae.wisc.edu/~linderot,gwM2aRIAAAAJ
Jeff Tian,Southern Methodist University,http://lyle.smu.edu/~tian,NOSCHOLARPAGE
Jeff Trinkle,Lehigh University,http://www.cse.lehigh.edu/~trink,Dl0vAp8AAAAJ
Jeff Yan,University of Strathclyde,https://pureportal.strath.ac.uk/en/persons/jeff-yan/publications,rYhiAEUAAAAJ
Jeff Yu Lei,University of Texas at Arlington,http://ranger.uta.edu/~ylei,YG60wS4AAAAJ
Jeff Z. Pan,University of Edinburgh,https://www.inf.ed.ac.uk/people/staff/Jeff_Pan.html,zLDAY8QAAAAJ
Jefferson R. Souza,UFU,http://www.ppgco.facom.ufu.br/pt-br/pessoas/jefferson-rodrigo-de-souza,AmdqjLsAAAAJ
Jefferson Rodrigo de Souza,UFU,http://www.ppgco.facom.ufu.br/pt-br/pessoas/jefferson-rodrigo-de-souza,AmdqjLsAAAAJ
Jeffery I. Zucker,McMaster University,http://www.cas.mcmaster.ca/~zucker,NOSCHOLARPAGE
Jeffery J. Orchard,University of Waterloo,https://cs.uwaterloo.ca/~jorchard/UWaterloo/Home.html,cAfBytAAAAAJ
Jeffery Raphael,King's College London,https://www.kcl.ac.uk/people/jeffery-raphael,xaZeEVsAAAAJ
Jeffrey A. Bilmes,University of Washington,https://people.ece.uw.edu/bilmes,L9QufAsAAAAJ
Jeffrey A. Fessler,University of Michigan,https://web.eecs.umich.edu/~fessler,J5f4Gq8AAAAJ
Jeffrey A. Miller,University of Southern California,https://pressroom.usc.edu/jeffrey-miller,VYYLUPoAAAAJ
Jeffrey A. Weiss,University of Utah,https://www.sci.utah.edu/people/weiss.html,YtFi-KkAAAAJ
Jeffrey B. Remmel,Univ. of California - San Diego,http://www.math.ucsd.edu/~remmel,NOSCHOLARPAGE
Jeffrey Bokor,Univ. of California - Berkeley,http://people.eecs.berkeley.edu/~jbokor,ylSEuoIAAAAJ
Jeffrey C. Carver,The University of Alabama,http://carver.cs.ua.edu,qGe7nJ0AAAAJ
Jeffrey C. Dill,Ohio University,https://www.ohio.edu/engineering/about/people/profiles.cfm?profile=dill,NOSCHOLARPAGE
Jeffrey C. Trinkle,Lehigh University,http://www.cse.lehigh.edu/~trink,Dl0vAp8AAAAJ
Jeffrey Carver,The University of Alabama,http://carver.cs.ua.edu,qGe7nJ0AAAAJ
Jeffrey Chan,RMIT University,https://www.rmit.edu.au/contact/staff-contacts/academic-staff/c/chan-dr-jeffrey,I9mDeiYAAAAJ
Jeffrey Clune,University of Wyoming,http://www.uwyo.edu/profiles/extras/playing-with-robots.html,5TZ7f5wAAAAJ
Jeffrey D. Morris,Augusta University,https://www.augusta.edu/ccs/faculty.php,VWQQYTcAAAAJ
Jeffrey Dalton 0001,University of Edinburgh,http://www.inf.ed.ac.uk/people/staff/Jeff_Dalton.html,mgwLi-EAAAAJ
Jeffrey E. Boyd,University of Calgary,http://pages.cpsc.ucalgary.ca/~boyd,C285XCoAAAAJ
Jeffrey Flanigan,Univ. of California - Santa Cruz,https://jflanigan.github.io,XpIsORcAAAAJ
Jeffrey G. Gray,The University of Alabama,http://gray.cs.ua.edu,83an8lYAAAAJ
Jeffrey H. Dinitz,University of Vermont,http://www.emba.uvm.edu/~dinitz,w9u7g3MAAAAJ
Jeffrey H. Lang,Massachusetts Institute of Technology,http://eecsfacweb.mit.edu/facpages/lang.html,rQf4yDAAAAAJ
Jeffrey H. Siewerdsen,Johns Hopkins University,https://istar.jhu.edu,BczXL6oAAAAJ
Jeffrey Heer,University of Washington,http://homes.cs.washington.edu/~jheer,vlgs4G4AAAAJ
Jeffrey Huang,EPFL,https://people.epfl.ch/jeffrey.huang,Ehxp2YIAAAAJ
Jeffrey K. Hollingsworth,University of Maryland - College Park,https://www.cs.umd.edu/~hollings,YcrMNggAAAAJ
Jeffrey K. Uhlmann,University of Missouri,https://engineering.missouri.edu/faculty/jeffrey-uhlmann,NOSCHOLARPAGE
Jeffrey Kramer,Imperial College London,http://wp.doc.ic.ac.uk/jk,t-fuDjMAAAAJ
Jeffrey L. Overbey,Auburn University,http://jeff.over.bz,ot-erTIAAAAJ
Jeffrey L. Popyack,Drexel University,https://www.cs.drexel.edu/~jpopyack,cEscX0cAAAAJ
Jeffrey Lang,Massachusetts Institute of Technology,http://eecsfacweb.mit.edu/facpages/lang.html,rQf4yDAAAAAJ
Jeffrey Lasky,Rochester Institute of Technology,https://www.rit.edu/gccis/jeffrey-lasky,NOSCHOLARPAGE
Jeffrey Mark Siskind,Purdue University,https://engineering.purdue.edu/~qobi,CgSBtPYAAAAJ
Jeffrey Michael Heer,University of Washington,http://homes.cs.washington.edu/~jheer,vlgs4G4AAAAJ
Jeffrey O. Shallit,University of Waterloo,https://cs.uwaterloo.ca/~shallit,A-s_cLQAAAAJ
Jeffrey Overbey,Auburn University,http://jeff.over.bz,ot-erTIAAAAJ
Jeffrey Parsons,Memorial University of Newfoundland,https://www.mun.ca/computerscience/people,x8zSPvgAAAAJ
Jeffrey Popyack,Drexel University,https://www.cs.drexel.edu/~jpopyack,cEscX0cAAAAJ
Jeffrey S. Chase,Duke University,https://users.cs.duke.edu/~chase,N5igm6UAAAAJ
Jeffrey S. Foster,Tufts University,http://www.cs.umd.edu/~jfoster,QWPwfsgAAAAJ
Jeffrey S. Rosenschein,Hebrew University of Jerusalem,http://www.cs.huji.ac.il/~jeff,YO7cKNMAAAAJ
Jeffrey Shallit,University of Waterloo,https://cs.uwaterloo.ca/~shallit,A-s_cLQAAAAJ
Jeffrey T. Linderoth,University of Wisconsin - Madison,http://homepages.cae.wisc.edu/~linderot,gwM2aRIAAAAJ
Jeffrey Uhlmann,University of Missouri,https://engineering.missouri.edu/faculty/jeffrey-uhlmann,NOSCHOLARPAGE
Jeffrey Xu Yu,Chinese University of Hong Kong,http://www.se.cuhk.edu.hk/people/yu.html,iHevumsAAAAJ
Jehan-Francois Paris,University of Houston,http://www2.cs.uh.edu/~paris,NOSCHOLARPAGE
Jehee Lee,Seoul National University,http://mrl.snu.ac.kr/~jehee,YHlvUsAAAAAJ
Jelani Nelson,Univ. of California - Berkeley,http://people.eecs.berkeley.edu/~minilek,W6gQqWcAAAAJ
Jelena Diakonikolas,University of Wisconsin - Madison,http://www.jelena-diakonikolas.com,J8ixfu8AAAAJ
Jelena Marasevic,University of Wisconsin - Madison,http://www.jelena-diakonikolas.com,J8ixfu8AAAAJ
Jelena Tesic,Texas State University,http://cs.txstate.edu/~j_t463,jRLy9uoAAAAJ
Jelena V. Misic,Toronto Metropolitan University,https://www.scs.torontomu.ca/~jmisic,Sd87n8gAAAAJ
Jen Rexford,Princeton University,http://www.cs.princeton.edu/~jrex,07ds-DAAAAAJ
Jen-Hui Chuang,National Chiao Tung University,http://islab.cs.nctu.edu.tw,NOSCHOLARPAGE
Jenay M. Beer,University of Georgia,https://ssw.uga.edu/people/name/jenay-beer,5BnVZi4AAAAJ
Jeni Paay,Aalborg University,http://people.cs.aau.dk/~jeni/jeni_homepage/home.html,-4miticAAAAJ
Jenn-Jier James Lien,National Cheng Kung University,http://www.csie.ncku.edu.tw/ncku_csie/depmember/teacherdetail/id/17,3nu_iw0AAAAJ
Jenna L. Marquard,University of Massachusetts Amherst,https://mie.umass.edu/faculty/jenna-marquard,K56cD70AAAAJ
Jenna Wiens,University of Michigan,http://www-personal.umich.edu/~wiensj,NOSCHOLARPAGE
Jennie Duggan,Northwestern University,http://users.eecs.northwestern.edu/~jennie/,kVUa9ZoAAAAJ
Jennie Rogers,Northwestern University,http://users.eecs.northwestern.edu/~jennie/,kVUa9ZoAAAAJ
Jennifer C. Ureta,De La Salle University,https://www.dlsu.edu.ph/colleges/ccs/faculty-profile/single/?id=32665818005&command=GETPROFILE,K263QzQAAAAJ
Jennifer Campbell,University of Toronto,http://www.cs.toronto.edu/~campbell,3mDtQLcAAAAJ
Jennifer G. Dy,Northeastern University,https://www.khoury.northeastern.edu/people/jennifer-dy,6h7b0fAAAAAJ
Jennifer G. Kim,Georgia Institute of Technology,https://faculty.cc.gatech.edu/~jkim693/,puNJcv0AAAAJ
Jennifer George,Goldsmiths University of London,https://www.gold.ac.uk/computing/people/george-jennifer,NOSCHOLARPAGE
Jennifer Golbeck,University of Maryland - College Park,http://cs.umd.edu/people/jgolbeck,WBOnL7sAAAAJ
Jennifer Horkoff,Chalmers/GU,https://www.chalmers.se/en/staff/Pages/jenho.aspx,NOSCHOLARPAGE
Jennifer Jacobs 0001,Univ. of California - Santa Barbara,http://jenniferjacobs.mat.ucsb.edu,z0C-QBoAAAAJ
Jennifer L. Leopold,Missouri University of Technology,https://jleopold.weebly.com,KYkeG14AAAAJ
Jennifer L. Welch,Texas A&M University,https://parasol.tamu.edu/~welch,_BSIZHAAAAAJ
Jennifer Leopold,Missouri University of Technology,https://jleopold.weebly.com,KYkeG14AAAAJ
Jennifer Listgarten,Univ. of California - Berkeley,http://www.jennifer.listgarten.com,jhPhgf4AAAAJ
Jennifer Lundelius,Texas A&M University,https://parasol.tamu.edu/~welch,_BSIZHAAAAAJ
Jennifer M. Groh,Duke University,http://people.duke.edu/~jmgroh/,n_BMt9AAAAAJ
Jennifer Mankoff,University of Washington,https://www.hcii.cmu.edu/people/jennifer-mankoff,mhmvCgsAAAAJ
Jennifer Mary Jacobs 0001,Univ. of California - Santa Barbara,http://jenniferjacobs.mat.ucsb.edu,z0C-QBoAAAAJ
Jennifer Parham-Mocello,Oregon State University,https://engineering.oregonstate.edu/people/jennifer-parham-mocello,9b6cJ_UAAAAJ
Jennifer Rexford,Princeton University,http://www.cs.princeton.edu/~jrex,07ds-DAAAAAJ
Jennifer Seberry,University of Wollongong,https://scholars.uow.edu.au/jennifer-seberry,0llvkDsAAAAJ
Jennifer T. Chayes,Univ. of California - Berkeley,http://jenniferchayes.com,YAHWbtkAAAAJ
Jennifer Tour Chayes,Univ. of California - Berkeley,http://jenniferchayes.com,YAHWbtkAAAAJ
Jennifer Waycott,University of Melbourne,http://findanexpert.unimelb.edu.au/display/person52243,kc5Fr-0AAAAJ
Jennifer Widom,Stanford University,http://infolab.stanford.edu/~widom,zdKmnYwAAAAJ
Jenny Coady,Heriot-Watt University,https://www.hw.ac.uk/staff/uk/macs/jenny-coady.htm,NOSCHOLARPAGE
Jenny Waycott,University of Melbourne,http://findanexpert.unimelb.edu.au/display/person52243,kc5Fr-0AAAAJ
Jenq Kuen Lee,National Tsing Hua University,http://pllab.cs.nthu.edu.tw/~jklee,cIxlQU4AAAAJ
Jenq-Kuen Lee,National Tsing Hua University,http://pllab.cs.nthu.edu.tw/~jklee,cIxlQU4AAAAJ
Jens B. Schmitt,TU Kaiserslautern,https://disco.cs.uni-kl.de/index.php/people/jens-schmitt,lmEldBwAAAAJ
Jens Christian Claussen,University of Birmingham,https://www.birmingham.ac.uk/staff/profiles/computer-science/academic-staff/claussen-jens-christian.aspx,fCjDwsIAAAAJ
Jens Dietrich 0001,Victoria University of Wellington,https://sites.google.com/site/jensdietrich,wMsX0w4AAAAJ
Jens Dittrich,Saarland University,https://infosys.cs.uni-saarland.de/people/dittrich.php,fykfPiwAAAAJ
Jens Grabowski,University of Göttingen,https://www.swe.informatik.uni-goettingen.de/staff/jens-grabowski,59rolV4AAAAJ
Jens Gravesen,DTU,https://www.compute.dtu.dk/english,NOSCHOLARPAGE
Jens Gregor,University of Tennessee,http://web.eecs.utk.edu/~jgregor,NOSCHOLARPAGE
Jens Grossklags,TU Munich,http://www.cybertrust.in.tum.de/index.php?id=101,apxyerQAAAAJ
Jens H. Jahnke,University of Victoria,http://www.cs.uvic.ca/~jens/blog/page5.html,TsTOHgoAAAAJ
Jens H. Krüger,University of Duisburg-Essen,http://hpc.uni-due.de/krueger.html,w87pmH4AAAAJ
Jens H. Weber,University of Victoria,http://www.cs.uvic.ca/~jens/blog/page5.html,TsTOHgoAAAAJ
Jens H. Weber-Jahnke,University of Victoria,http://www.cs.uvic.ca/~jens/blog/page5.html,TsTOHgoAAAAJ
Jens Harald Krüger,University of Duisburg-Essen,http://hpc.uni-due.de/krueger.html,w87pmH4AAAAJ
Jens Haueisen,TU Ilmenau,https://www.tu-ilmenau.de/bmti/fachgebiete/biomedizinische-technik,u5SRjOwAAAAJ
Jens Knoop,TU Wien,http://www.complang.tuwien.ac.at/knoop,NOSCHOLARPAGE
Jens Krinke,University College London,http://www0.cs.ucl.ac.uk/staff/J.Krinke,y8MpLZwAAAAJ
Jens Lagergren,KTH Royal Institute of Technology,https://www.kth.se/profile/jensl,lS1rJKQAAAAJ
Jens Lambrecht,TU Berlin,https://www.ignc.tu-berlin.de/menue/ueber_uns/team/parameter/de,LirFG6EAAAAJ
Jens Lehmann 0001,University of Bonn,http://sda.cs.uni-bonn.de/people/prof-dr-jens-lehmann,sEaQ5rgAAAAJ
Jens Palsberg,Univ. of California - Los Angeles,http://www.cs.ucla.edu/~palsberg,Gx8Rpr4AAAAJ
Jens Petersen,University of Copenhagen,https://di.ku.dk/english/staff/vip/?pure=en/persons/178402,J3L5JdQAAAAJ
Jens Sjölund,Uppsala University,https://jsjol.github.io/,AlF2g-YAAAAJ
Jens Stoye,Bielefeld University,https://www.techfak.uni-bielefeld.de/~stoye,d7rMd3YAAAAJ
Jens Teubner,TU Dortmund,http://dbis.cs.tu-dortmund.de/cms/en/people/faculty/teubner.html,SdGU2bMAAAAJ
Jens Thilo Teubner,TU Dortmund,http://dbis.cs.tu-dortmund.de/cms/en/people/faculty/teubner.html,SdGU2bMAAAAJ
Jens Zander,KTH Royal Institute of Technology,https://www.kth.se/profile/jenz,GjXOu5wAAAAJ
Jens-Peter Dittrich,Saarland University,https://infosys.cs.uni-saarland.de/people/dittrich.php,fykfPiwAAAAJ
Jens-Peter Redlich,Humboldt University of Berlin,http://sar.informatik.hu-berlin.de/main/main_page.htm,NOSCHOLARPAGE
Jeong Joon Park,University of Michigan,https://jjparkcv.github.io/,aD5pXLoAAAAJ
Jeong hwan Jeon,UNIST,https://rml.unist.ac.kr,ZTe13LgAAAAJ
Jeong-Geun Kim,Kyungpook National University,https://sites.google.com/view/knunextcom/,lvU4X6IAAAAJ
Jeong-Gil Ko,Yonsei University,http://www.eis-lab.org,5zP95ZQAAAAJ
Jeong-Hyon Hwang,University at Albany - SUNY,https://www.albany.edu/ceas/jeong-hyon-hwang.php,uurRDOwAAAAJ
JeongGil Ko,Yonsei University,http://www.eis-lab.org,5zP95ZQAAAAJ
Jeonghong Kim,Kyungpook National University,http://sites.google.com/view/msp-lab,eEOGPaUAAAAJ
Jeppe Revall Frisvad,DTU,https://www.compute.dtu.dk/english,NOSCHOLARPAGE
Jeremiah Blocki,Purdue University,https://www.cs.purdue.edu/homes/jblocki,KBvKjbMAAAAJ
Jeremiah D. Deng,University of Otago,https://www.covic.otago.ac.nz/~jdeng/,GTuRqCAAAAAJ
Jeremiah Onaolapo,University of Vermont,https://www.uvm.edu/~jonaolap,itji49QAAAAJ
Jeremias Sulam,Johns Hopkins University,https://www.bme.jhu.edu/people/faculty/jeremias-sulam/,1awx1aIAAAAJ
Jeremy Aarons,Monash University,http://monash.academia.edu/JeremyAarons,NOSCHOLARPAGE
Jeremy Blackburn,Binghamton University,https://www.binghamton.edu/computer-science/contact/profile.html?id=jblackbu,oO1GPO8AAAAJ
Jeremy Buhler,Washington University in St. Louis,http://www.cse.wustl.edu/~jbuhler,yQXfAWMAAAAJ
Jeremy Clark,Concordia University,https://www.pulpspy.com/,oQrvLjYAAAAJ
Jeremy D. Buhler,Washington University in St. Louis,http://www.cse.wustl.edu/~jbuhler,yQXfAWMAAAAJ
Jeremy Dawson,West Virginia University,https://www.statler.wvu.edu/faculty-staff/faculty/jeremy-dawson,NOSCHOLARPAGE
Jeremy G. Siek,Indiana University,http://wphomes.soic.indiana.edu/jsiek,Vuso8H8AAAAJ
Jeremy Gibbons,University of Oxford,http://www.cs.ox.ac.uk/jeremy.gibbons,uNR4vFcAAAAJ
Jeremy Gummeson,University of Massachusetts Amherst,http://jeremygummeson.com,zMOYd5YAAAAJ
Jeremy H. Holleman,University of Tennessee,http://www.eecs.utk.edu/people/faculty/jhollema,kWTef0wAAAAJ
Jeremy Holleman,University of Tennessee,http://www.eecs.utk.edu/people/faculty/jhollema,kWTef0wAAAAJ
Jeremy Johnson,Drexel University,https://www.cs.drexel.edu/~jjohnson,0WqVazoAAAAJ
Jeremy P. Birnholtz,Northwestern University,https://design.northwestern.edu/people/profiles/birnholtz-jeremy.html,o-iIoUQAAAAJ
Jeremy P. Spinrad,Vanderbilt University,http://engineering.vanderbilt.edu/bio/jeremy-spinrad,NOSCHOLARPAGE
Jeremy S. Smith,University of Liverpool,https://liverpool.ac.uk/electrical-engineering-and-electronics/staff/jeremy-smith,EKgDisMAAAAJ
Jeremy Singer,University of Glasgow,http://www.dcs.gla.ac.uk/~jsinger,UTdRqF8AAAAJ
Jeremy T. Fineman,Georgetown University,http://people.cs.georgetown.edu/~jfineman,_Wb6s7cAAAAJ
Jeremy W. Sheaffer,Iowa State University,http://www.cs.iastate.edu/people/jeremy-sheaffer,NOSCHOLARPAGE
Jeremy Yallop,University of Cambridge,http://www.cl.cam.ac.uk/~jdy22,NIk5CuwAAAAJ
Jeremy Z. Kolter,Carnegie Mellon University,http://www.zicokolter.com,UXh1I6UAAAAJ
Jernej Barbic,University of Southern California,https://viterbi-web.usc.edu/~jbarbic/,aP4IPIEAAAAJ
Jeroen Boydens,KU Leuven,https://distrinet.cs.kuleuven.be/people/jeroen,ljI2jYsAAAAJ
Jeroen J. A. Keiren,TU Eindhoven,https://www.jeroenkeiren.nl,_nrYKCoAAAAJ
Jeroen Keiren,TU Eindhoven,https://www.jeroenkeiren.nl,_nrYKCoAAAAJ
Jeroen Keppens,King's College London,https://www.kcl.ac.uk/people/jeroen-keppens,6uEtmfoAAAAJ
Jeroen van de Graaf,UFMG,http://homepages.dcc.ufmg.br/~jvdg,-w8olWwAAAAJ
Jerome Harri,EURECOM,http://www.eurecom.fr/~haerri,QSAclH8AAAAJ
Jerome Knopp,University of Missouri - Kansas City,https://sce.umkc.edu/about/directory/name/jerome-knopp-ph-d,NOSCHOLARPAGE
Jerry Alan Fails,Boise State University,http://cs.boisestate.edu/~jfails,eO71_M8AAAAJ
Jerry Chou,National Tsing Hua University,https://lsalab.cs.nthu.edu.tw/home,5lJoLIEAAAAJ
Jerry L. Prince,Johns Hopkins University,https://iacl.ece.jhu.edu/index.php?title=Main_Page,BQcJMmcAAAAJ
Jerry Place,University of Missouri - Kansas City,http://medicine.kumc.edu,NOSCHOLARPAGE
Jerry Spinrad,Vanderbilt University,http://engineering.vanderbilt.edu/bio/jeremy-spinrad,NOSCHOLARPAGE
Jerry Tessendorf,Clemson University,http://people.clemson.edu/~jtessen,NOSCHOLARPAGE
Jerry den Hartog,TU Eindhoven,https://www.tue.nl/en/university/departments/mathematics-and-computer-science/the-department/staff/detail/ep/e/d/ep-uid/20012328,28P--UkAAAAJ
Jerzy Marcinkowski,University of Wroclaw,https://www.ii.uni.wroc.pl/~jma,qcKmOkAAAAAJ
Jerzy Tiuryn,University of Warsaw,https://www.mimuw.edu.pl/~tiuryn,1iFPnFwAAAAJ
Jerzy Tyszkiewicz,University of Warsaw,http://www.mimuw.edu.pl/~jty,5B5PToIAAAAJ
Jerzy W. Grzymala-Busse,University of Kansas,http://people.eecs.ku.edu/~jerzy,NOSCHOLARPAGE
Jerzy W. Jaromczyk,University of Kentucky,http://www.cs.uky.edu/~jurek,NOSCHOLARPAGE
Jerónimo Castrillón,TU Dresden,https://cfaed.tu-dresden.de/ccc-about,Vez2G1kAAAAJ
Jerónimo Castrillón Mazo,TU Dresden,https://cfaed.tu-dresden.de/ccc-about,Vez2G1kAAAAJ
Jerônimo Grandi,Augusta University,https://www.augusta.edu/faculty/directory/view.php?id=JGRANDI,VOUOkLYAAAAJ
Jes Frellsen,DTU,https://frellsen.org,Yj2sBWkAAAAJ
Jesper Bengtson,IT University of Copenhagen,http://www.itu.dk/people/jebe,NOSCHOLARPAGE
Jesper Buus Nielsen,Aarhus University,https://pure.au.dk/portal/en/persons/jesper-buus-nielsen(f428c4b3-80b3-403a-ada6-9ecb0fad97b2).html,PoDj4lsAAAAJ
Jesper Cockx,TU Delft,https://jesper.sikanda.be,RIE9Ge8AAAAJ
Jesper Kjeldskov,Aalborg University,http://people.cs.aau.dk/~jesper,pD3nfeAAAAAJ
Jesper Larsson Träff,TU Wien,http://www.traff-industries.de,NOSCHOLARPAGE
Jesper N. Tegnér,KAUST,https://www.kaust.edu.sa/en/study/faculty/jesper-tegner,_DUppAgAAAAJ
Jesper Nederlof,Utrecht University,http://www.staff.science.uu.nl/~neder003/index.html,waGEU2cAAAAJ
Jesper Tegnér,KAUST,https://www.kaust.edu.sa/en/study/faculty/jesper-tegner,_DUppAgAAAAJ
Jesse Clark,University of Technology Sydney,https://www.uts.edu.au/staff/jesse.clark,NOSCHOLARPAGE
Jesse Davis,KU Leuven,https://people.cs.kuleuven.be/~jesse.davis,gz74XOYAAAAJ
Jesse Hoey,University of Waterloo,https://cs.uwaterloo.ca/~jhoey,YcBGOtQAAAAJ
Jesse Krijthe,TU Delft,https://www.tudelft.nl/en/ewi/over-de-faculteit/afdelingen/intelligent-systems/pattern-recognition-bioinformatics/pattern-recognition-bioinformatics/people/jesse-krijthe,Rm7OUa0AAAAJ
Jesse L. Barlow,Pennsylvania State University,http://www.cse.psu.edu/~b58,NOSCHOLARPAGE
Jesse M. Heines,University of Massachusetts Lowell,https://www.uml.edu/Research/IVPR/faculty/Heines_Jesse%20M.aspx,K9wOrRIAAAAJ
Jesse Thomason,University of Southern California,https://jessethomason.com,8BeTDr0AAAAJ
Jessica Burgner,University of Toronto,https://www.cs.toronto.edu/~jbk,JtHZL24AAAAJ
Jessica Burgner-Kahrs,University of Toronto,https://www.cs.toronto.edu/~jbk,JtHZL24AAAAJ
Jessica Chen-Burger,Heriot-Watt University,https://researchportal.hw.ac.uk/en/persons/yun-heh-chen-burger,GKiqYxoAAAAJ
Jessica D. Bayliss,Rochester Institute of Technology,https://www.rit.edu/gccis/igm/jessica-bayliss,Su10oeUAAAAJ
Jessica Hammer,Carnegie Mellon University,https://www.hcii.cmu.edu/people/jessica-hammer,vSvRUAkAAAAJ
Jessica Hullman,Northwestern University,http://users.eecs.northwestern.edu/~jhullman/,OLa9EKsAAAAJ
Jessica K. Hodgins,Carnegie Mellon University,http://www.cs.cmu.edu/~jkh,NOSCHOLARPAGE
Jessica Lin 0001,George Mason University,http://cs.gmu.edu/~jessica,tRHOWkcAAAAJ
Jessica Ouyang 0001,University of Texas at Dallas,https://personal.utdallas.edu/~jessica.ouyang,fQ6T_eAAAAAJ
Jessica R. Cauchard,TU Wien,https://informatics.tuwien.ac.at/people/jessica-cauchard,Rk1SDB8AAAAJ
Jessica R. Hullman,Northwestern University,http://users.eecs.northwestern.edu/~jhullman/,OLa9EKsAAAAJ
Jessica Rebecca Cauchard,TU Wien,https://informatics.tuwien.ac.at/people/jessica-cauchard,Rk1SDB8AAAAJ
Jessica Sorrell,Johns Hopkins University,https://jess-sorrell.github.io/,hBsSfjAAAAAJ
Jessie Hui Wang,Tsinghua University,https://jessiehuiwang.github.io/index.html,fcLOhBoAAAAJ
Jesualdo Tomás Fernández-Breis,University of Murcia,http://webs.um.es/jfernand/miwiki/doku.php,KaEwPLIAAAAJ
Jesus Dario Landa-Silva,University of Nottingham,https://www.nottingham.ac.uk/computerscience/people/dario.landasilva,T8jdVWwAAAAJ
Jesus De Loera,Univ. of California - Davis,https://www.math.ucdavis.edu/~deloera,1S0o7WwAAAAJ
Jesus García Molina,University of Murcia,http://dis.um.es/~jmolina,GU8Kf8UAAAAJ
Jesus Ángel Velázquez-Iturbide,Universidad Rey Juan Carlos,http:/www.lite.etsii.urjc.es/angel.velazquez,JfWXVVgAAAAJ
Jesús Labarta,Polytechnic University of Catalonia,https://www.bsc.es/labarta-mancho-jesus,6vj6TdsAAAAJ
Jesús M. González-Barahona,Universidad Rey Juan Carlos,https://gsyc.urjc.es/jgb,vYIPWB0AAAAJ
Jesús Martínez del Rincón,Queen's University Belfast,https://www.qub.ac.uk/schools/eeecs/Connect/Staff/BusinessCard/?name=j.martinez-del-rincon,jEJdlX8AAAAJ
Jesús Vilares,University of A Coruña,http://www.grupolys.org/~jvilares,fZHz0B0AAAAJ
Jesús Vilares Ferro,University of A Coruña,http://www.grupolys.org/~jvilares,fZHz0B0AAAAJ
Jetty Kleijn,Leiden University,https://liacs.leidenuniv.nl/~kleijnhcm/,NOSCHOLARPAGE
Jey Han Lau,University of Melbourne,https://findanexpert.unimelb.edu.au/profile/385601-jey-han-lau,MFi65f4AAAAJ
Jeyan Thiyagalingam,University of Liverpool,https://www.liverpool.ac.uk/electrical-engineering-and-electronics/staff/jeyan-thiyagalingam,qe4dPiwAAAAJ
Jeyarajan Thiyagalingam,University of Liverpool,https://www.liverpool.ac.uk/electrical-engineering-and-electronics/staff/jeyan-thiyagalingam,qe4dPiwAAAAJ
Ji Guan 0001,Chinese Academy of Sciences,https://www.researchgate.net/profile/Ji-Guan,muIp5UIAAAAJ
Ji Hwan Park,Rochester Institute of Technology,https://people.rit.edu/jhpigm/,LVJWinQAAAAJ
Ji Liu 0002,University of Rochester,http://www.cs.rochester.edu/u/jliu,UpbJ4CMAAAAJ
Ji Ming,Queen's University Belfast,https://www.qub.ac.uk/schools/eeecs/Connect/Staff/BusinessCard/?name=j.ming,NOSCHOLARPAGE
Ji Won Seo,Hanyang University,http://bdsl.hanyang.ac.kr/members/jiwonseo,O1WC6TAAAAAJ
Ji Wu 0002,Tsinghua University,https://www.tsinghua.edu.cn/publish/eeen/3784/2010/20101219135614305780920/20101219135614305780920_.html,1V8LxbYAAAAJ
Ji-Hyun Lee,KAIST,http://gsct3237.kaist.ac.kr,io8xhtgAAAAJ
Ji-Rong Wen,Renmin University of China,http://info.ruc.edu.cn/academic_professor.php?teacher_id=64,tbxCHJgAAAAJ
Ji-Won Seo,Hanyang University,http://bdsl.hanyang.ac.kr/members/jiwonseo,O1WC6TAAAAAJ
Ji-Yong Shin,Northeastern University,https://www.jiyongshin.info,N6ZFInMAAAAJ
Ji-yao An,Hunan University,http://csee.hnu.edu.cn/people/anjiyao,BeWWwfsAAAAJ
Jia Deng 0001,Princeton University,https://www.cs.princeton.edu/~jiadeng,U3Eub-EAAAAJ
Jia Di,University of Arkansas,https://sites.uark.edu/jdi,NOSCHOLARPAGE
Jia Hu,University of Exeter,http://emps.exeter.ac.uk/computer-science/staff/jh815,n1Q5NG4AAAAJ
Jia Jia 0001,Tsinghua University,http://hcsi.cs.tsinghua.edu.cn,NOSCHOLARPAGE
Jia Li 0003,Beihang University,http://arts.buaa.edu.cn/staff/jiali/index.htm,BfWMlE4AAAAJ
Jia Liu 0002,Ohio State University,https://kevinliu-osu-ece.github.io,NOSCHOLARPAGE
Jia Liu 0008,Nanjing University,https://cs.nju.edu.cn/liujia,Q583YzMAAAAJ
Jia Liu 0015,Nanjing University,http://www.iselab.cn/faculty/JiaLiu,5c8-XCAAAAJ
Jia Pan,University of Hong Kong,https://sites.google.com/site/panjia,YYT8-7kAAAAJ
Jia Rao,University of Texas at Arlington,http://ranger.uta.edu/~jrao,cLssJjcAAAAJ
Jia Wang 0008,Shenzhen University,http://csse.szu.edu.cn/cn/peopleda19.html?218228=,XJGanZcAAAAJ
Jia Wu 0001,Macquarie University,http://web.science.mq.edu.au/~jiawu/index.html,kbnFw94AAAAJ
Jia Wu 0005,UESTC,https://www.is.uestc.edu.cn/teachers.do?id=1096,NOSCHOLARPAGE
Jia Xu 0004,Stevens Institute of Technology,http://jiaxu.org,myyblq4AAAAJ
Jia Yu 0001,Washington State University,https://jiayuasu.github.io,CHOjvFIAAAAJ
Jia Zou 0001,Arizona State University,https://sites.google.com/view/jiazou-web/home,7Dnxbj0AAAAJ
Jia-Bin Huang 0001,University of Maryland - College Park,https://jbhuang0604.github.io/,pp848fYAAAAJ
Jia-Fu Xu,Nanjing University,https://cs.nju.edu.cn/58/2b/c2639a153643/page.htm,NOSCHOLARPAGE
Jia-Guang Sun,Tsinghua University,http://www.thss.tsinghua.edu.cn/publish/soften/3131/2010/20101219095105462245998/20101219095105462245998_.html,NOSCHOLARPAGE
Jia-Guang Sun 0001,Tsinghua University,http://www.thss.tsinghua.edu.cn/publish/soften/3131/2010/20101219095105462245998/20101219095105462245998_.html,NOSCHOLARPAGE
Jia-Huai You,University of Alberta,https://webdocs.cs.ualberta.ca/~you,NOSCHOLARPAGE
Jia-Jie Xu 0001,Soochow University,http://jwsy.suda.edu.cn/69/bf/c9398a223679/page.htm,HYURJ-0AAAAJ
Jia-Shung Wang,National Tsing Hua University,http://vc.cs.nthu.edu.tw/home/vc_html/member/jswang_e.html,NOSCHOLARPAGE
Jiachen Li 0001,Univ. of California - Riverside,https://jiachenli94.github.io,1_f79vUAAAAJ
Jiachi Chen,Sun Yat-sen University,https://jiachi-chen.github.io/,FpdgEZMAAAAJ
Jiadi Yu,Shanghai Jiao Tong University,https://www.cs.sjtu.edu.cn/~jdyu/,2e7_jEoAAAAJ
Jiafeng Guo,Chinese Academy of Sciences,http://teacher.ucas.ac.cn/~0023936,nD0I3PUAAAAJ
Jiafeng Zhou,University of Liverpool,https://liverpool.ac.uk/electrical-engineering-and-electronics/staff/jiafeng-zhou,NOSCHOLARPAGE
Jiaguang Sun,Tsinghua University,http://www.thss.tsinghua.edu.cn/publish/soften/3131/2010/20101219095105462245998/20101219095105462245998_.html,NOSCHOLARPAGE
Jiaguang Sun 0001,Tsinghua University,http://www.thss.tsinghua.edu.cn/publish/soften/3131/2010/20101219095105462245998/20101219095105462245998_.html,NOSCHOLARPAGE
Jiahai Yang,Tsinghua University,http://nmgroup.tsinghua.edu.cn/yang/index_en.htm,NOSCHOLARPAGE
Jiaheng Lu,University of Helsinki,https://www.cs.helsinki.fi/u/jilu,EVNolAkAAAAJ
Jiaheng Zhang,National University of Singapore,https://zjhzjh123.github.io/,vh90--IAAAAJ
Jiahua Jiang,ShanghaiTech University,https://sist.shanghaitech.edu.cn/sist_en/2020/0707/c7582a58299/page.htm,ZHLDtbsAAAAJ
Jiahuan Zhou,Peking University,https://zhoujiahuan1991.github.io/,ZLZmI8sAAAAJ
Jiajia Li 0001,North Carolina State University,http://jiajiali.org,A8TTuWMAAAAJ
Jiajie Xu 0001,Soochow University,http://jwsy.suda.edu.cn/69/bf/c9398a223679/page.htm,HYURJ-0AAAAJ
Jiajing Wu,Sun Yat-sen University,http://xplanet.site/,EaqeskUAAAAJ
Jiajing Zhu,UESTC,https://sise.uestc.edu.cn/info/1036/11717.htm,NOSCHOLARPAGE
Jiajun Bu,Zhejiang University,http://mypage.zju.edu.cn/bjj,OgZP2okAAAAJ
Jiajun Chen 0001,Nanjing University,https://cs.nju.edu.cn/chenjiajun/index_en.htm,WIF7VaoAAAAJ
Jiajun Liu,Renmin University of China,https://sites.google.com/site/drjiajunliu/homepage,xZGKQkcAAAAJ
Jiajun Wen 0001,Shenzhen University,https://csse.szu.edu.cn/en/pages/user/index?id=835,VmiSYTgAAAAJ
Jiajun Wu 0001,Stanford University,https://jiajunwu.com,2efgcS0AAAAJ
Jialiang Lu,Shanghai Jiao Tong University,https://cs.sjtu.edu.cn/en/PeopleDetail.aspx?id=334,NOSCHOLARPAGE
Jialie Shen 0001,City University of London,https://www.city.ac.uk/about/find-contact/staff-directory?query=Jialie+shen,d3h-zScAAAAJ
Jialin Li 0001,National University of Singapore,https://homes.cs.washington.edu/~lijl,NOSCHOLARPAGE
Jialin Liu 0001,SUSTech,http://cse.sustech.edu.cn/faculty/~liujl,xhytgbIAAAAJ
Jiamou Liu,University of Auckland,https://unidirectory.auckland.ac.nz/profile/jiamou-liu,zrGdI2oAAAAJ
Jian Cao 0001,Shanghai Jiao Tong University,https://www.cs.sjtu.edu.cn/PeopleDetail.aspx?id=114,JRk61c0AAAAJ
Jian Chen 0006,Ohio State University,http://web.cse.ohio-state.edu/~chen.8028/Home.html,9R1aERQAAAAJ
Jian Huang 0006,Univ. of Illinois at Urbana-Champaign,http://jianh.web.engr.illinois.edu,wYasaaUAAAAJ
Jian Huang 0007,University of Tennessee,http://web.eecs.utk.edu/~huangj,fGm3ZMkAAAAJ
Jian Li 0008,Stony Brook University,https://sites.google.com/stonybrook.edu/jianli,h039Yq4AAAAJ
Jian Li 0015,Tsinghua University,http://iiis.tsinghua.edu.cn/~jianli,khvIZWkAAAAJ
Jian Li 0021,Shanghai Jiao Tong University,https://sdic.sjtu.edu.cn/index.php/jian-li/,NOSCHOLARPAGE
Jian Liu 0001,University of Tennessee,http://web.eecs.utk.edu/~jliu,Ckfl4_AAAAAJ
Jian Liu 0012,Zhejiang University,https://person.zju.edu.cn/0019840,-T_UNHwAAAAJ
Jian Lu 0001,Nanjing University,http://cs.nju.edu.cn/58/2a/c2639a153642/page.htm,NOSCHOLARPAGE
Jian Lv 0001,Nanjing University,http://cs.nju.edu.cn/58/2a/c2639a153642/page.htm,NOSCHOLARPAGE
Jian Lü 0001,Nanjing University,http://cs.nju.edu.cn/58/2a/c2639a153642/page.htm,NOSCHOLARPAGE
Jian Ma 0004,Carnegie Mellon University,http://www.cs.cmu.edu/~jianma,nDw9v78AAAAJ
Jian Pei,Duke University,https://sites.google.com/view/jpei/jian-peis-homepage,zIMEVKsAAAAJ
Jian Peng 0001,Univ. of Illinois at Urbana-Champaign,http://jianpeng.web.engr.illinois.edu,4wcAVXAAAAAJ
Jian Tang 0001,Memorial University of Newfoundland,https://www.mun.ca/computerscience/people/jian.php,fs8--boAAAAJ
Jian Tang 0008,Syracuse University,http://www.ecs.syr.edu/faculty/tang,IirM9zMAAAAJ
Jian Wang 0016,Fudan University,http://homepage.fudan.edu.cn/jianwang,5i7YIEgAAAAJ
Jian Weng 0002,KAUST,http://were.github.io,8sYWd-sAAAAJ
Jian Wu 0001,Zhejiang University,http://mypage.zju.edu.cn/0004274,VO9XIXYAAAAJ
Jian Yang 0001,Macquarie University,https://researchers.mq.edu.au/en/persons/jian-yang,r5jS8eYAAAAJ
Jian Yao 0002,Wuhan University,https://cvrs.whu.edu.cn/jianyao/,lV0Wxw0AAAAJ
Jian Yun Nie,University of Montreal,http://rali.iro.umontreal.ca/nie/jian-yun-nie-en,W7uYg0UAAAAJ
Jian Zhang 0004,Louisiana State University,https://www.lsu.edu/eng/cse/people/faculty/zhang.php,NOSCHOLARPAGE
Jian Zhang 0010,Wuhan University,https://cs.whu.edu.cn/info/1019/2509.htm,NOSCHOLARPAGE
Jian Zhang 0048,Central South University,https://faculty.csu.edu.cn/zhangjian1/zh_CN/index.htm,qmyus9IAAAAJ
Jian Zhao 0010,University of Waterloo,https://jeffjianzhao.bitbucket.io,5v0elikAAAAJ
Jian Zhu 0005,CUHK (SZ),https://sse.cuhk.edu.cn/en/faculty/zhujian,U0lt7MIAAAAJ
Jian-Hua Chen,Louisiana State University,https://www.lsu.edu/eng/cse/people/faculty/chen.j.php,NOSCHOLARPAGE
Jian-Huang Lai,Sun Yat-sen University,https://ieeexplore.ieee.org/author/37274695700,NOSCHOLARPAGE
Jian-Jia Chen,TU Dortmund,https://ls12-www.cs.tu-dortmund.de/daes/de/daes/mitarbeiter/jjchen.html,_kx4s9QAAAAJ
Jian-Ling Sun,Zhejiang University,https://person.zju.edu.cn/en/sunjl,NOSCHOLARPAGE
Jian-Qiang Li 0001,Shenzhen University,http://csse.szu.edu.cn/staff/lijq,-oVMPBwAAAAJ
Jian-Xin Wu,Nanjing University,https://cs.nju.edu.cn/wujx,NOSCHOLARPAGE
Jian-Yun Nie,University of Montreal,http://rali.iro.umontreal.ca/nie/jian-yun-nie-en,W7uYg0UAAAAJ
Jian-Zhong Li 0001,Harbin Institute of Technology,http://homepage.hit.edu.cn/jianzhongli,RLFOrxsAAAAJ
Jian-bin Hu,Peking University,http://eecs.pku.edu.cn/EN/People/Faculty/Detail/?ID=6086,NOSCHOLARPAGE
Jian-qiang Li 0001,Shenzhen University,http://csse.szu.edu.cn/staff/lijq,-oVMPBwAAAAJ
Jianbin Gao,UESTC,https://www.scse.uestc.edu.cn/info/1081/11639.htm,kIe5s8QAAAAJ
Jianbin Huang,Xidian University,https://web.xidian.edu.cn/jbhuang,s60vEVYAAAAJ
Jianbin Qin,Shenzhen University,http://csse.szu.edu.cn/en/peoplec4be.html?222367,2ZmhZpgAAAAJ
Jianbing Shen,University of Macau,https://www.fst.um.edu.mo/people/jianbingshen/,_Q3NTToAAAAJ
Jianbo Jiao,University of Birmingham,https://www.birmingham.ac.uk/staff/profiles/computer-science/academic-staff/jiao-jianbo.aspx,HkEiMMwAAAAJ
Jianbo Shi,University of Pennsylvania,https://www.cis.upenn.edu/~jshi,Sm14jYIAAAAJ
Jianchao Luo,UESTC,https://www.en.scse.uestc.edu.cn/info/1085/1918.htm,NOSCHOLARPAGE
Jiancheng Lv 0001,Sichuan University,http://dicalab.cn/,0TCaWKwAAAAJ
Jianer Chen,Texas A&M University,http://faculty.cs.tamu.edu/chen,0zVOVQ0AAAAJ
Jianfei Cai 0001,Monash University,https://jianfei-cai.github.io,N6czCoUAAAAJ
Jianfei Yin,Shenzhen University,http://csse.szu.edu.cn/en/peoplef6ad.html?14758,4KfYemQAAAAJ
Jianfeng Feng,University of Warwick,https://warwick.ac.uk/fac/sci/dcs/people/jianfeng_feng/#overview,0MtAVz4AAAAJ
Jianfeng Ma 0001,Xidian University,https://web.xidian.edu.cn/jfma/,NOSCHOLARPAGE
Jianfeng Yan,Soochow University,http://web.suda.edu.cn/yanjf,NOSCHOLARPAGE
Jianfu Zhang 0003,Shanghai Jiao Tong University,http://www.qingyuan.sjtu.edu.cn/a/Jianfu-Zhang.html,jSiStc4AAAAJ
Jiang Hu,Texas A&M University,http://cesg.tamu.edu/faculty/jiang-hu,TWw91rQAAAAJ
Jiang Liu 0001,SUSTech,https://faculty.sustech.edu.cn/liuj,NOSCHOLARPAGE
Jiang Ming 0002,Tulane University,https://cs.tulane.edu/~jming/,i4VFYKAAAAAJ
Jiang Yu,Tsinghua University,https://sites.google.com/site/jiangyu198964/home,NOSCHOLARPAGE
Jiang Yu Zheng,IUPUI,http://cs.iupui.edu/~jzheng,Gih-kpUAAAAJ
Jiangchuan Liu,Simon Fraser University,http://www.cs.sfu.ca/~jcliu,VU2Jw1YAAAAJ
Jiangfan Yi,Peking University,http://eecs.pku.edu.cn/EN/People/Faculty/Detail/?ID=6016,NOSCHOLARPAGE
Jiangfan Yu,CUHK (SZ),https://www.imlyu.com,2rMKEG0AAAAJ
Jiangfeng Li,Tongji University,https://sse.tongji.edu.cn/lijiangfeng,NOSCHOLARPAGE
Jianghong Ma,Harbin Institute of Technology,http://faculty.hitsz.edu.cn/majianghong,9ZQQqasAAAAJ
Jiangtao Cui,Xidian University,https://web.xidian.edu.cn/cuijt/,u9IRSacAAAAJ
Jiangtao Wen,Tsinghua University,http://media.cs.tsinghua.edu.cn/en/wenjt,KTYQRzYAAAAJ
Jianguo Chen 0001,Sun Yat-sen University,http://sse.sysu.edu.cn/teacher/253,k6n94kkAAAAJ
Jianguo Lu,University of Windsor,http://www.uwindsor.ca/science/computerscience/1051/dr-jianguo-lu,PfF0D0sAAAAJ
Jianguo Wang 0001,Purdue University,https://www.cs.purdue.edu/homes/csjgwang,EH2FzosAAAAJ
Jianguo Xiao,Peking University,http://web5.pku.edu.cn/icst/People/4516.htm,NOSCHOLARPAGE
Jianguo Yao,Shanghai Jiao Tong University,https://tcloud.sjtu.edu.cn/users/jianguo/,NOSCHOLARPAGE
Jianguo Zhang 0001,SUSTech,https://faculty.sustech.edu.cn/zhangjg,ypSmZtIAAAAJ
Jianhua Chen,Louisiana State University,https://www.lsu.edu/eng/cse/people/faculty/chen.j.php,NOSCHOLARPAGE
Jianhua Feng,Tsinghua University,http://dbgroup.cs.tsinghua.edu.cn/fengjh,4vaO7cIAAAAJ
Jianhua He,University of Essex,https://www.essex.ac.uk/people/hejia61606/jianhua-he,Sq03a0UAAAAJ
Jianhua Ruan,University of Texas at San Antonio,http://www.cs.utsa.edu/~jruan,seB8s3wAAAAJ
Jianhua Shao 0001,Cardiff University,https://www.cardiff.ac.uk/people/view/118162-shao-jianhua,NOSCHOLARPAGE
Jianhua Sun 0002,Hunan University,http://csee.hnu.edu.cn/people/sunjianhua,NOSCHOLARPAGE
Jianhua Yin,Shandong University,http://www.cs.sdu.edu.cn/info/1091/2349.htm,aZZfn90AAAAJ
Jianhua Zhao,Nanjing University,https://cs.nju.edu.cn/58/18/c2639a153624/page.htm,qO7iw2QAAAAJ
Jianhuang Lai,Sun Yat-sen University,https://ieeexplore.ieee.org/author/37274695700,NOSCHOLARPAGE
Jianhui Jiang,Tongji University,https://sse.tongji.edu.cn/Data/View/2837,NOSCHOLARPAGE
Jianhui Tian,Southern Methodist University,http://lyle.smu.edu/~tian,NOSCHOLARPAGE
Jianjun Chen 0005,Tsinghua University,https://jianjunchen.com,7ryl0L8AAAAJ
Jianjun Hu,University of South Carolina,http://www.cse.sc.edu/~jianjunh,_iD3nyMAAAAJ
Jianjun Huang 0001,Renmin University of China,https://hjjandy.github.io,ip0G7pgAAAAJ
Jianke Zhu,Zhejiang University,http://mypage.zju.edu.cn/jkzhu,SC-WmzwAAAAJ
Jianlei Yang 0001,Beihang University,https://shi.buaa.edu.cn/jianlei,HLEelmYAAAAJ
Jianli Pan,George Mason University,https://mason.gmu.edu/~jpan22,l9QQeHgAAAAJ
Jianliang Gao,Central South University,https://faculty.csu.edu.cn/gaojianliang/zh_CN/index.htm,NOSCHOLARPAGE
Jianliang Wu,Simon Fraser University,https://allenjlw.github.io/,Qepf8EMAAAAJ
Jianliang Xu,Hong Kong Baptist University,http://www.comp.hkbu.edu.hk/~xujl,LJNsBeoAAAAJ
Jianlin Cheng,University of Missouri,https://engineering.missouri.edu/faculty/jianlin-cheng,t9MY6lwAAAAJ
Jianling Sun,Zhejiang University,https://person.zju.edu.cn/en/sunjl,NOSCHOLARPAGE
Jianlong Wu,Shandong University,https://jlwu1992.github.io,XGeEH-IAAAAJ
Jianmin Jiang,Shenzhen University,http://futuremedia.szu.edu.cn/peopleJianminJiang.html,IpMcSfcAAAAJ
Jianmin Li 0001,Tsinghua University,http://www.tsinghua.edu.cn/publish/csen/4623/2010/20101225164517300815523/20101225164517300815523_.html,VeqPMPIAAAAJ
Jianmin Wang 0001,Tsinghua University,http://www.thss.tsinghua.edu.cn/publish/soften/3131/2010/20101219100058471372347/20101219100058471372347_.html,MiovcboAAAAJ
Jianmin Wang 0013,Tongji University,https://sse.tongji.edu.cn/Data/View/2850,NOSCHOLARPAGE
Jianmin Zheng,Nanyang Technological University,https://www3.ntu.edu.sg/home/asjmzheng,yUFk0QUAAAAJ
Jiann-Shiun Yuan,University of Central Florida,https://sites.google.com/site/yuanjs168,b-C_s6gAAAAJ
Jiann-Shuin Yuan,University of Central Florida,https://sites.google.com/site/yuanjs168,b-C_s6gAAAAJ
Jiannan Li,Singapore Management University,https://scis.smu.edu.sg/faculty/profile/7441/li-jiannan,wyW0rJQAAAAJ
Jiannan Wang 0001,Simon Fraser University,http://www.cs.sfu.ca,fKV65XQAAAAJ
Jiannong Cao 0001,The Hong Kong Polytechnic University,http://www4.comp.polyu.edu.hk/~csjcao,q2jH-3sAAAAJ
Jianping Li 0002,UESTC,https://www.scse.uestc.edu.cn/info/1081/11947.htm,NOSCHOLARPAGE
Jianping Pan 0001,University of Victoria,https://webhome.cs.uvic.ca/~pan,mlUYzYcAAAAJ
Jianping Wang 0001,City University of Hong Kong,https://www.cs.cityu.edu.hk/~jianwang,bow_liAAAAAJ
Jianping Wu,Tsinghua University,http://www.cs.tsinghua.edu.cn/publish/csen/4623/2010/20101224194435414856631/20101224194435414856631_.html,Y-nqSYgAAAAJ
Jianping Zeng 0002,Fudan University,http://homepage.fudan.edu.cn/zengjp,A-I4mjgAAAAJ
Jianqiang Li 0001,Shenzhen University,http://csse.szu.edu.cn/staff/lijq,-oVMPBwAAAAJ
Jianqin Yin,BUPT,https://teacher.bupt.edu.cn/yinjianqin/en/index.htm,NOSCHOLARPAGE
Jianqing Fan,Princeton University,https://fan.princeton.edu/,TaF4L4EAAAAJ
Jianqing Liu,North Carolina State University,https://jianqing-liu.github.io/,3iOL6ZkAAAAJ
Jianshe Wu,Xidian University,https://web.xidian.edu.cn/jshwu/,y2GUW9UAAAAJ
Jiansheng Huang,Western Sydney University,https://www.westernsydney.edu.au/staff_profiles/WSU/doctor_jiansheng_huang,5q-FekoAAAAJ
Jiantao Jiao,Univ. of California - Berkeley,https://people.eecs.berkeley.edu/~jiantao,aO8KpGcAAAAJ
Jiantao Zhou 0001,University of Macau,https://www.fst.um.edu.mo/people/jtzhou/,mcROAxAAAAAJ
Jianting Zhang,CUNY,http://www-cs.ccny.cuny.edu/~jzhang,UKjJKUIAAAAJ
Jianwei Huang 0001,CUHK (SZ),https://jianwei.cuhk.edu.cn/,QQq52JcAAAAJ
Jianwei Jiang 0002,Shanghai Jiao Tong University,http://www.se.sjtu.edu.cn/teacher/teacherdetail.aspx?id=12,NOSCHOLARPAGE
Jianwei Lu,Tongji University,https://sse.tongji.edu.cn/Data/View/2849,NOSCHOLARPAGE
Jianwei Niu 0001,University of Texas at San Antonio,http://www.cs.utsa.edu/~niu,WURkybsAAAAJ
Jianwei Niu 0002,Beihang University,http://scse.buaa.edu.cn/info/1078/2664.htm,NOSCHOLARPAGE
Jianwei Yin,Zhejiang University,http://mypage.zju.edu.cn/0001038,0s1A5fwAAAAJ
Jianwei Zhang 0001,University of Hamburg,https://tams.informatik.uni-hamburg.de/people/zhang,NOSCHOLARPAGE
Jianwei Zhuge,Tsinghua University,http://netsec.ccert.edu.cn/zhugejw,ndC7PCQAAAAJ
Jianwen Li,East China Normal University,https://faculty.ecnu.edu.cn/_s43/ljw2/main.psp,kpv4RzgAAAAJ
Jianwen Su,Univ. of California - Santa Barbara,http://www.cs.ucsb.edu/~su,JpC9bmEAAAAJ
Jianxi Fan,Soochow University,https://www.x-mol.com/university/faculty/188543,NOSCHOLARPAGE
Jianxia Xue,University of Mississippi,https://www.cs.olemiss.edu/people/xue_jianxia,NOSCHOLARPAGE
Jianxin Li 0002,Beihang University,http://act.buaa.edu.cn/lijx,EY2lqD0AAAAJ
Jianxin Liao,BUPT,https://int.bupt.edu.cn/content/content.php?p=6_16_159,NOSCHOLARPAGE
Jianxin Lin,Hunan University,http://csee.hnu.edu.cn/people/linjianxin,ztdMYPcAAAAJ
Jianxin Wang 0001,Central South University,https://faculty.csu.edu.cn/wangjianxin1/zh_CN/index.htm,7pgY2F0AAAAJ
Jianxin Wu 0001,Nanjing University,http://cs.nju.edu.cn/wujx,0JRtCV4AAAAJ
Jianyang Zeng 0001,Tsinghua University,http://iiis.tsinghua.edu.cn/zh/zengjy,NOSCHOLARPAGE
Jianye Hao,Tianjin University,http://www.icdai.org/jianye.html,FCJVUYgAAAAJ
Jianye Yang,Hunan University,http://csee.hnu.edu.cn/people/yangjianye,NOSCHOLARPAGE
Jianying Zhou 0001,SUTD,http://jianying.space,T-Uf3dYAAAAJ
Jianyong Wang 0001,Tsinghua University,http://dbgroup.cs.tsinghua.edu.cn/wangjy,VfBaiG8AAAAJ
Jianyun Nie,University of Montreal,http://rali.iro.umontreal.ca/nie/jian-yun-nie-en,W7uYg0UAAAAJ
Jianzhong Li 0001,Harbin Institute of Technology,http://homepage.hit.edu.cn/jianzhongli,RLFOrxsAAAAJ
Jianzhong Qi 0001,University of Melbourne,http://people.eng.unimelb.edu.au/jianzhongq,mxS6eHYAAAAJ
Jianzhu Ma,Tsinghua University,https://majianzhu.com/,AATzYuAAAAAJ
Jiaole Wang,Harbin Institute of Technology,http://faculty.hitsz.edu.cn/jlwang,utAk8ZMAAAAJ
Jiaoyan Chen 0001,University of Manchester,https://chenjiaoyan.github.io/,5Cy4z8wAAAAJ
Jiapeng Zhang,University of Southern California,https://sites.google.com/site/jiapeng0708,9eQOP14AAAAJ
Jiaping Gui,Shanghai Jiao Tong University,https://infosec.sjtu.edu.cn/DirectoryDetail.aspx?id=173,PCHAczoAAAAJ
Jiaqi Liu 0001,Central South University,https://faculty.csu.edu.cn/liujiaqi/zh_CN/index.htm,NOSCHOLARPAGE
Jiaqing Luo,UESTC,https://www.en.scse.uestc.edu.cn/info/1085/1904.htm,NOSCHOLARPAGE
Jiasi Chen,University of Michigan,https://jiasi.engin.umich.edu,3FC3-T0AAAAJ
Jiasi Shen 0001,HKUST,http://shenjiasi.com/,pyLCHy0AAAAJ
Jiawei Han 0001,Univ. of Illinois at Urbana-Champaign,http://hanj.cs.illinois.edu,Kv9AbjMAAAAJ
Jiawei Huang 0001,Central South University,https://faculty.csu.edu.cn/jiaweihuang/zh_CN/index.htm,BSeLydkAAAAJ
Jiawei Jiang,Wuhan University,http://bluesjjw.github.io/,G_Hg-j0AAAAJ
Jiawei Yuan,University of Massachusetts Dartmouth,https://www.umassd.edu/directory/jyuan/,lF3Q2osAAAAJ
Jiawei Zhang 0001,Univ. of California - Davis,http://jiaweizhang.net,7AkZSJsAAAAJ
Jiawei Zhang 0006,New York University,https://sites.google.com/nyu.edu/jiawei-zhang,zK4uegoAAAAJ
Jiaxiang Liu 0001,Shenzhen University,https://csse.szu.edu.cn/pages/user/index?id=1031,V0a_TRoAAAAJ
Jiaxin Ding,Shanghai Jiao Tong University,https://jhc.sjtu.edu.cn/~jiaxinding/,bF_VBEAAAAAJ
Jiaxin Huang 0001,Washington University in St. Louis,https://engineering.wustl.edu/faculty/Jiaxin-Huang.html,0Ttkrj0AAAAJ
Jiaxin Mao,Renmin University of China,https://sites.google.com/site/maojiaxin,DDXcKKcAAAAJ
Jiaxin Zhu,Chinese Academy of Sciences,http://www.tcse.cn/~zhujiaxin,2NTaUWsAAAAJ
Jiaxing Song,Tsinghua University,http://www.cs.tsinghua.edu.cn/publish/csen/4623/2010/20101224171300777933176/20101224171300777933176_.html,NOSCHOLARPAGE
Jiaya Jia,HKUST,https://cse.hkust.edu.hk/admin/people/faculty/profile/jia,XPAkzTEAAAAJ
Jiayi Ma 0001,Wuhan University,http://eis.whu.edu.cn/ryDetail.shtml?rsh=00030884,73trMQkAAAAJ
Jiayi Meng,University of Texas at Arlington,https://ranger.uta.edu/~jmeng/,IlZs8_oAAAAJ
Jiaying Liu 0001,Peking University,http://www.icst.pku.edu.cn/struct/people/liujiaying.html,NOSCHOLARPAGE
Jiayu Xu,Oregon State University,https://sites.google.com/view/jiayux,c6prlkcAAAAJ
Jiayu Zhou,Michigan State University,http://0xmachine.com,yQKlLTQAAAAJ
Jiazhi Xia,Central South University,https://faculty.csu.edu.cn/xiajiazhi/zh_CN/index.htm,Sbeiir0AAAAJ
Jichen Zhu,IT University of Copenhagen,https://pure.itu.dk/portal/da/persons/jichen-zhu,t5AZ2-AAAAAJ
Jicheng Hu,Wuhan University,http://cs.whu.edu.cn/teacherinfo.aspx?id=219,NOSCHOLARPAGE
Jicong Fan 0001,CUHK (SZ),https://jicongfan.github.io/,vdJsnhIAAAAJ
Jidong Xiao,Boise State University,http://cs.boisestate.edu/~jxiao,PYvcetMAAAAJ
Jidong Zhai,Tsinghua University,http://pacman.cs.tsinghua.edu.cn/~zjd,NOSCHOLARPAGE
Jie (Jayne) Wu,University of Tennessee,http://www.eecs.utk.edu/people/faculty/jwu10,oXoWM_QAAAAJ
Jie Cao 0010,University of Oklahoma,https://mlciv.com,McBrjX4AAAAJ
Jie Chen 0026,Hong Kong Baptist University,http://www.comp.hkbu.edu.hk/~chenjie,qrWi1RYAAAAJ
Jie Chen 0027,Shenzhen University,https://arikcj.github.io/,709V_rcAAAAJ
Jie Gao 0001,Rutgers University,https://sites.rutgers.edu/jie-gao,P1CMmgEAAAAJ
Jie Gu 0001,Northwestern University,http://users.eecs.northwestern.edu/~jgu,HP-yzF0AAAAJ
Jie Hao,BUPT,https://scss.bupt.edu.cn/info/1063/3808.htm,z26c40QAAAAJ
Jie Jiang 0011,SUSTech,http://cse.sustech.edu.cn/faculty/~jiangj,RTWu4e0AAAAJ
Jie Li 0001,Xidian University,https://web.xidian.edu.cn/leejie,k1YohAwAAAAJ
Jie Li 0002,Shanghai Jiao Tong University,https://www.cs.sjtu.edu.cn/~lijie/,Krl5HRcAAAAJ
Jie Lin,Xidian University,https://web.xidian.edu.cn/jlin/,sWyUeTAAAAAJ
Jie Lu 0001,University of Technology Sydney,https://www.uts.edu.au/staff/jie.lu,KKo7jCMAAAAJ
Jie Lu 0007,ShanghaiTech University,http://faculty.sist.shanghaitech.edu.cn/faculty/lujie/,ShCBK4oAAAAJ
Jie Ren,College of William and Mary,https://www.wm.edu/as/computerscience/people/ren_jie.php,3PjCzH4AAAAJ
Jie Shao 0001,UESTC,http://cfm.uestc.edu.cn/~shaojie,ikbw5okAAAAJ
Jie Shen 0005,Stevens Institute of Technology,https://sites.google.com/site/jieshensjtu,Em5N8u0AAAAJ
Jie Shen 0013,UESTC,https://www.en.scse.uestc.edu.cn/info/1085/2058.htm,NOSCHOLARPAGE
Jie Tang 0001,Tsinghua University,http://keg.cs.tsinghua.edu.cn/jietang,n1zDCkQAAAAJ
Jie Wang 0002,University of Massachusetts Lowell,http://www.cs.uml.edu/~wang,5tvHmuMAAAAJ
Jie Wei,CUNY,https://www.ccny.cuny.edu/profiles/jie-wei,VOuKF7sAAAAJ
Jie Wen 0001,Harbin Institute of Technology,https://faculty.hitsz.edu.cn/wenjie,bsTnbo4AAAAJ
Jie Wu 0001,Temple University,https://cis.temple.edu/~wu,BVlfmXMAAAAJ
Jie Wu 0003,Fudan University,http://www.cs.fudan.edu.cn/en/?page_id=2258,NOSCHOLARPAGE
Jie Wu 0013,University of Tennessee,http://www.eecs.utk.edu/people/faculty/jwu10,oXoWM_QAAAAJ
Jie Xu 0002,CUHK (SZ),https://myweb.cuhk.edu.cn/xujie,HPUG2jwAAAAJ
Jie Xu 0007,University of Leeds,https://eps.leeds.ac.uk/computing/staff/331/professor-jie-xu,_KsRPiAAAAAJ
Jie Yang 0003,Florida State University,http://www.cs.fsu.edu/~jieyang,2futSMoAAAAJ
Jie Yang 0028,TU Delft,https://www.wis.ewi.tudelft.nl/yang,DAlsOOEAAAAJ
Jie Ying Wu,Vanderbilt University,https://engineering.vanderbilt.edu/bio/?pid=jieying-wu,Wrq_fDEAAAAJ
Jie Zhang 0002,Nanyang Technological University,https://www3.ntu.edu.sg/home/zhangj,R4OuQ2YAAAAJ
Jie Zhang 0008,University of Southampton,https://www.ecs.soton.ac.uk/people/jz5c16,LfPixcYAAAAJ
Jie Zhang 0048,Peking University,https://cs.pku.edu.cn/info/1177/3080.htm,I5Zv078AAAAJ
Jie Zhang 0050,King's College London,https://sites.google.com/view/jie-zhang,rPWRqf8AAAAJ
Jie Zhao 0002,Hunan University,https://yaozhujia.github.io,9EIFPO4AAAAJ
Jie Zhao 0003,Harbin Institute of Technology,http://homepage.hit.edu.cn/zhaojie,NOSCHOLARPAGE
Jie Zheng 0002,ShanghaiTech University,https://shanghaitechzhengjielab.github.io/Zhenglab.github.io/index.htm,evC66XkAAAAJ
Jie Zhou 0022,George Washington University,https://jiezhoucs.github.io/,H4ZhjZAAAAAJ
Jiebo Luo,University of Rochester,http://www.cs.rochester.edu/u/jluo,CcbnBvgAAAAJ
Jieh Hsiang,National Taiwan University,http://www.digital.ntu.edu.tw/hsiang,Rxg0ObMAAAAJ
Jiehua Chen 0001,TU Wien,https://www.ac.tuwien.ac.at/jchen/,guvQn0EAAAAJ
Jieqiong Zhao,Augusta University,https://jieqiongzhao.github.io,7WgUoKMAAAAJ
Jieru Zhao,Shanghai Jiao Tong University,https://zjru.github.io/,c0rOJFwAAAAJ
Jieung Kim,Yonsei University,https://jieung.kim/,HbBHX4IAAAAJ
Jieyan Liu,UESTC,https://www.en.scse.uestc.edu.cn/info/1085/2108.htm,NOSCHOLARPAGE
Jieyang Chen,University of Alabama - Birmingham,https://jieyangchen7.github.io/,8kSmgzYAAAAJ
Jieyu Zhao,University of Southern California,https://jyzhao.net,9VaGBCQAAAAJ
Jifeng Xuan,Wuhan University,http://jifeng-xuan.com,G3xi5UkAAAAJ
Jignesh M. Patel,Carnegie Mellon University,https://jigneshpatel.org,tOjfnFMAAAAJ
Jih-Kwon Peir,University of Florida,https://www.cise.ufl.edu/people/faculty/peir,NOSCHOLARPAGE
Jihad Al Ja'am,Qatar University,http://qspace.qu.edu.qa/handle/10576/61/discover?field=author&filtertype=author&filter_relational_operator=equals&filter=Jaam%2C+Jihad+Mohamad,NOSCHOLARPAGE
Jihad M. Alja'am,Qatar University,http://qspace.qu.edu.qa/handle/10576/61/discover?field=author&filtertype=author&filter_relational_operator=equals&filter=Jaam%2C+Jihad+Mohamad,NOSCHOLARPAGE
Jihad Mohamad Al Ja'am,Qatar University,http://qspace.qu.edu.qa/handle/10576/61/discover?field=author&filtertype=author&filter_relational_operator=equals&filter=Jaam%2C+Jihad+Mohamad,NOSCHOLARPAGE
Jihad Mohamad Al'Jaam,Qatar University,http://qspace.qu.edu.qa/handle/10576/61/discover?field=author&filtertype=author&filter_relational_operator=equals&filter=Jaam%2C+Jihad+Mohamad,NOSCHOLARPAGE
Jihad Mohamad Jaam,Qatar University,http://qspace.qu.edu.qa/handle/10576/61/discover?field=author&filtertype=author&filter_relational_operator=equals&filter=Jaam%2C+Jihad+Mohamad,NOSCHOLARPAGE
Jihong Kim 0001,Seoul National University,http://cares.snu.ac.kr,E9A5Rv8AAAAJ
Jihong Yan,Harbin Institute of Technology,http://homepage.hit.edu.cn/yanjihong,NOSCHOLARPAGE
Jihong Zhu 0001,Tsinghua University,http://www.cs.tsinghua.edu.cn/publish/csen/4923/2014/20140108153546275916040/20140108153546275916040_.html,NOSCHOLARPAGE
Jihua Zhu,Xi'an Jiaotong University,http://zhujh.gr.xjtu.edu.cn,JcN97sQAAAAJ
Jihun Hamm,Tulane University,http://www.cs.tulane.edu/~jhamm3,DdRsMKsAAAAJ
Jijun Tang,University of South Carolina,https://cse.sc.edu/~jtang,tpkq0ScAAAAJ
Jiliang Tang,Michigan State University,http://www.cse.msu.edu/~tangjili,WtzKMWAAAAAJ
Jiliang Wang,Tsinghua University,http://tns.thss.tsinghua.edu.cn/~jiliang,akREQHQAAAAJ
Jiliang Zhang 0002,Hunan University,http://hardwaresecurity.cn,wSGt-ccAAAAJ
Jilin Hu,Aalborg University,https://homes.cs.aau.dk/~hujilin,6eSvRMkAAAAJ
Jill Dolata,OHSU,http://www.ohsu.edu/xd/health/services/providers/?personid=1686,ztH3uNEAAAAJ
Jilles Vreeken,CISPA Helmholtz Center,http://people.mmci.uni-saarland.de/~jilles,p5HEQfIAAAAJ
Jillian Aurisano,University of Cincinnati,https://researchdirectory.uc.edu/p/aurisajm,siaXmI8AAAAJ
Jim Alves-Foss,University of Idaho,http://www.uidaho.edu/engr/departments/cs/our-people/faculty/jim-alves-foss,dOaERUAAAAAJ
Jim Austin,University of York,https://www-users.cs.york.ac.uk/~austin,xpZL8d8AAAAJ
Jim Basilakis,Western Sydney University,https://www.westernsydney.edu.au/staff_profiles/WSU/doctor_jim_basilakis,DH5hRWUAAAAJ
Jim Bezdek,University of Melbourne,https://findanexpert.unimelb.edu.au/profile/22301-jim-bezdek,kXy4LAMAAAAJ
Jim Buffenbarger,Boise State University,http://cs.boisestate.edu/~buff,fY5q3E0AAAAJ
Jim Canning,University of Massachusetts Lowell,https://www.uml.edu/Honors/People/canning-james.aspx,1V__UcAAAAAJ
Jim Carter,University of Saskatchewan,http://artsandscience.usask.ca/profile/JCarter,v_YyMagAAAAJ
Jim Davies,University of Oxford,http://www.cs.ox.ac.uk/jim.davies,b8iAzGAAAAAJ
Jim Davis,Ohio State University,http://web.cse.ohio-state.edu/~jwdavis,Jd6nw80AAAAJ
Jim Demmel,Univ. of California - Berkeley,https://www.cs.berkeley.edu/~demmel,NOSCHOLARPAGE
Jim Dowling,KTH Royal Institute of Technology,https://www.kth.se/profile/jdowling,MnSM1RMAAAAJ
Jim Foley 0001,Georgia Institute of Technology,http://www.cc.gatech.edu/fac/Jim.Foley/foley.html,GmcChLIAAAAJ
Jim Greer,University of Saskatchewan,https://teaching.usask.ca/about/staff/jim-greer.php,gQg14r8AAAAJ
Jim Griffioen,University of Kentucky,http://protocols.netlab.uky.edu/~griff,NOSCHOLARPAGE
Jim Hendler,Rensselaer Polytechnic Institute,http://www.cs.rpi.edu/~hendler,JNPbTdIAAAAJ
Jim Herbsleb,Carnegie Mellon University,http://herbsleb.org,NOSCHOLARPAGE
Jim Hollan,Univ. of California - San Diego,http://hci.ucsd.edu/hollan,LOFYnLkAAAAJ
Jim Ji,Texas A&M at Qatar,https://www.qatar.tamu.edu/programs/ecen/faculty-and-staff/duplicate-of-dr.-luc-vechot,i_OEg60AAAAJ
Jim Laird,University of Bath,http://www.bath.ac.uk/comp-sci/contacts/academics/james_laird,_Gi9Hl4AAAAJ
Jim Lathrop,Iowa State University,https://www.cs.iastate.edu/people/jim-lathrop,NOSCHOLARPAGE
Jim Leone,Rochester Institute of Technology,http://www.ist.rit.edu/~leone,ivIz4JYAAAAJ
Jim Little 0001,University of British Columbia,http://www.cs.ubc.ca/~little,a0za4V8AAAAJ
Jim Martin,Clemson University,https://people.cs.clemson.edu/~jmarty,66VE-3MAAAAJ
Jim Martin 0001,Clemson University,https://people.cs.clemson.edu/~jmarty,66VE-3MAAAAJ
Jim McCann,Carnegie Mellon University,http://www.cs.cmu.edu/~jmccann,NOSCHOLARPAGE
Jim Purtilo,University of Maryland - College Park,https://seam.cs.umd.edu/purtilo,5-O2lzIAAAAJ
Jim R. Davies,University of Oxford,http://www.cs.ox.ac.uk/jim.davies,w_UPj9YAAAAJ
Jim Rehg,Univ. of Illinois at Urbana-Champaign,http://rehg.org,8kA3eDwAAAAJ
Jim Waldo,Harvard University,https://www.seas.harvard.edu/directory/waldo,A6y_bqkAAAAJ
Jim Warren 0001,University of Auckland,https://www.cs.auckland.ac.nz/~jim,67P38dMAAAAJ
Jim Whitehead,Univ. of California - Santa Cruz,https://www.soe.ucsc.edu/people/ejw,_2UkAYEAAAAJ
Jim Woodcock,University of York,https://www-users.cs.york.ac.uk/~jim,bO-FeTIAAAAJ
Jim X. Chen,George Mason University,https://cs.gmu.edu/~jchen,929ovoAAAAAJ
Jimeng Sun 0001,Univ. of Illinois at Urbana-Champaign,http://sunlab.org,9jmmp5sAAAAJ
Jiming Liu 0001,Hong Kong Baptist University,http://www.comp.hkbu.edu.hk/~jiming,Il6ArO0AAAAJ
Jimmy Ba,University of Toronto,https://jimmylba.github.io,ymzxRhAAAAAJ
Jimmy H. M. Lee,Chinese University of Hong Kong,https://www.cse.cuhk.edu.hk/~jlee,3IV-UTsAAAAJ
Jimmy Ho-Man Lee,Chinese University of Hong Kong,https://www.cse.cuhk.edu.hk/~jlee,3IV-UTsAAAAJ
Jimmy J. Lin,University of Waterloo,https://cs.uwaterloo.ca/~jimmylin,0EWw1z8AAAAJ
Jimmy Jiang Liu,SUSTech,https://faculty.sustech.edu.cn/liuj,NOSCHOLARPAGE
Jimmy Lin,University of Waterloo,https://cs.uwaterloo.ca/~jimmylin,0EWw1z8AAAAJ
Jimson Mathew,IIT Patna,https://iitp.ac.in/index.php/departments/engineering/computer-science-a-engineering/people/faculty/1502-dr-jimson-mathew.html,NOSCHOLARPAGE
Jin Chen 0004,University of Kentucky,https://www.engr.uky.edu/directory/chen-jin,DoBBtIkAAAAJ
Jin Cheng,Fudan University,http://homepage.fudan.edu.cn/chengjin,NOSCHOLARPAGE
Jin Huang 0001,Zhejiang University,http://www.cad.zju.edu.cn/home/hj/index.xml,KLgK108AAAAJ
Jin Huang 0002,Tsinghua University,http://www.thss.tsinghua.edu.cn/publish/soften/3131/2017/20170413095136757222879/20170413095136757222879_.html,NOSCHOLARPAGE
Jin Huang 0009,Chinese Academy of Sciences,http://www.jin-huang.net/homepage,NOSCHOLARPAGE
Jin Liu 0012,Central South University,https://faculty.csu.edu.cn/liujin1/zh_CN/index.htm,yfS3HzYAAAAJ
Jin Liu 0016,Wuhan University,https://cs.whu.edu.cn/info/1019/2952.htm,NOSCHOLARPAGE
Jin Lu 0001,University of Georgia,https://jinlucs.github.io/,FK_W-KIAAAAJ
Jin Ryong Kim,University of Texas at Dallas,https://www.jessekim.com/,Evm4Sq0AAAAJ
Jin Song Dong,National University of Singapore,https://www.comp.nus.edu.sg/~dongjs,tuLa1AsAAAAJ
Jin Sun 0007,University of Georgia,https://jinsungit.github.io,Gw10rFEAAAAJ
Jin Tian 0001,MBZUAI,https://mbzuai.ac.ae/study/faculty/jin-tian,T0crkfoAAAAJ
Jin Wang 0009,Soochow University,http://web.suda.edu.cn/wjin1985/index.html,6LP9SLMAAAAJ
Jin Xu 0002,Peking University,http://eecs.pku.edu.cn/EN/People/Faculty/Detail/?ID=6062,NOSCHOLARPAGE
Jin Zhang 0001,SUSTech,https://faculty.sustech.edu.cn/zhangj4,JXTz1iYAAAAJ
Jin Zhao 0001,Fudan University,http://www.cs.fudan.edu.cn/?page_id=2033,NOSCHOLARPAGE
Jin-Hee Cho,Virginia Tech,http://people.cs.vt.edu/~jicho,wToVkEUAAAAJ
Jin-Ho Lee,Yonsei University,http://acsys.yonsei.ac.kr/jinho.html,pm3Fso0AAAAJ
Jin-Jin Li,Shanghai Jiao Tong University,https://dmne.sjtu.edu.cn/dmne/faculty/lijinjin/,NOSCHOLARPAGE
Jin-Soo Kim 0001,Seoul National University,https://cse.snu.ac.kr/en/professor/jin-soo-kim,U7b2CX0AAAAJ
Jin-Yi Cai,University of Wisconsin - Madison,http://pages.cs.wisc.edu/~jyc,Yn-Lm_QAAAAJ
Jin-yi Cai,University of Wisconsin - Madison,http://pages.cs.wisc.edu/~jyc,Yn-Lm_QAAAAJ
JinYeong Bak,Sungkyunkwan University,https://hli.skku.edu,oYK9Z_IAAAAJ
Jinah Park,KAIST,http://cgv.kaist.ac.kr/professor,cys-jlsAAAAJ
Jinbo Bi,University of Connecticut,http://www.engr.uconn.edu/~jinbo,fX-IFZsAAAAJ
Jinbo Xu,TTI Chicago,http://ttic.uchicago.edu/~jinbo,nt2-TpIAAAAJ
Jinchuan Chen,Renmin University of China,http://iir.ruc.edu.cn/~jchchen,25xBm5EAAAAJ
Jindong Wang,College of William and Mary,https://jd92.wang/,hBZ_tKsAAAAJ
Jindong Wang 0001,College of William and Mary,https://jd92.wang/,hBZ_tKsAAAAJ
Jinfei Liu,Zhejiang University,https://person.zju.edu.cn/0020162,kqAPqYAAAAAJ
Jing (Dave) Tian,Purdue University,https://davejingtian.org,xtclQ8AAAAAJ
Jing (Selena) He,Old Dominion University,http://www.cs.odu.edu/~jhe,r4WtU2oAAAAJ
Jing Deng 0001,UNC - Greensboro,https://home.uncg.edu/~j_deng/,8r28SnIAAAAJ
Jing He 0001,Old Dominion University,http://www.cs.odu.edu/~jhe,r4WtU2oAAAAJ
Jing He 0002,Old Dominion University,http://www.cs.odu.edu/~jhe,r4WtU2oAAAAJ
Jing Hua 0001,Wayne State University,http://www.cs.wayne.edu/~jinghua,E0PGasMAAAAJ
Jing Huo,Nanjing University,https://cs.nju.edu.cn/rl/people/huoj/index.htm,HKK1BdgAAAAJ
Jing Jiang 0001,Australian National University,https://comp.anu.edu.au/people/jing-jiang,hVTK2YwAAAAJ
Jing Jiang 0002,University of Technology Sydney,https://www.uts.edu.au/staff/jing.jiang,XFtCe08AAAAJ
Jing Jing Wang,Soochow University,http://scst.suda.edu.cn/11250/list.htm,NOSCHOLARPAGE
Jing Kong,Massachusetts Institute of Technology,http://www.rle.mit.edu/nmeg,WNOWLXAAAAAJ
Jing Li 0002,Case Western Reserve University,https://engineering.case.edu/profiles/jxl175,X6P8JOIAAAAJ
Jing Li 0025,NJIT,https://web.njit.edu/~jingli,eFjZ6jAAAAAJ
Jing Li 0049,The Hong Kong Polytechnic University,http://www4.comp.polyu.edu.hk/~jing1li/,jvjOLx4AAAAJ
Jing Li 0055,Wuhan University,https://cs.whu.edu.cn/info/1019/2888.htm,NOSCHOLARPAGE
Jing Li 0073,University of Pennsylvania,https://www.seas.upenn.edu/~janeli/index.html,QGYL3tAAAAAJ
Jing Liao 0001,City University of Hong Kong,https://liaojing.github.io/html/index.html,NOSCHOLARPAGE
Jing Liu 0006,Xidian University,https://faculty.xidian.edu.cn/LJ22/zh_CN/index.htm,kqRxf3MAAAAJ
Jing Ma 0002,Case Western Reserve University,https://jma712.github.io,VLElvX8AAAAJ
Jing Ma 0004,Hong Kong Baptist University,https://majingcuhk.github.io,78Jby0EAAAAJ
Jing Ren 0003,Ontario Tech University,https://engineering.ontariotechu.ca/people/ecse/jing.ren.php,NOSCHOLARPAGE
Jing Selena He,Old Dominion University,http://www.cs.odu.edu/~jhe,r4WtU2oAAAAJ
Jing Sun 0002,University of Auckland,https://www.cs.auckland.ac.nz/~jingsun,GUXAGAYAAAAJ
Jing Wang 0055,Renmin University of China,http://info.ruc.edu.cn/jsky/szdw/ajxjgcx/jsjkxyjsx1/fjs2/c6cd7c6a13334e3da59f08920941bf56.htm,NOSCHOLARPAGE
Jing Wu 0004,Cardiff University,https://www.cardiff.ac.uk/people/view/118177-wu-jing,ms46emIAAAAJ
Jing Xiao 0001,Worcester Polytechnic Institute,https://users.wpi.edu/~jxiao2,NOSCHOLARPAGE
Jing Yang 0001,UNC - Charlotte,https://webpages.uncc.edu/jyang13,r1jAycQAAAAJ
Jing Yuan 0002,University of North Texas,https://computerscience.engineering.unt.edu/people/faculty/jing-yuan,5YOVIlwAAAAJ
Jing Zhang 0001,Renmin University of China,https://xiaojingzi.github.io,T7Wa3GQAAAAJ
Jing Zhang 0052,Australian National University,https://comp.anu.edu.au/people/jing-zhang.md,Qa1DMv8AAAAJ
Jing-Jing Wang,Soochow University,http://scst.suda.edu.cn/11250/list.htm,NOSCHOLARPAGE
Jing-Ling Xue,UNSW,http://www.cse.unsw.edu.au/~jingling,NOSCHOLARPAGE
Jing-Yu Wang 0001,BUPT,https://teacher.bupt.edu.cn/wangjingyu/en/index.htm,NOSCHOLARPAGE
JingZheng Wu,Chinese Academy of Sciences,http://people.ucas.ac.cn/~jingzheng,ePUcUP4AAAAJ
Jingbo Shang,Univ. of California - San Diego,https://shangjingbo1226.github.io,0SkFI4MAAAAJ
Jingcheng Liu 0001,Nanjing University,https://liuexp.github.io/,x05pAVUAAAAJ
Jinghui Chen,Pennsylvania State University,https://jinghuichen.github.io,mKia7Y4AAAAJ
Jinghui Cheng,Polytechnique Montreal,https://jhcheng.me,ebhZJVEAAAAJ
Jingjie Li,University of Edinburgh,http://www.inf.ed.ac.uk/people/staff/Jingjie_Li.html,P8qaRuwAAAAJ
Jingjin Yu,Rutgers University,http://jingjinyu.com,jkRa2LEAAAAJ
Jingjing Li 0001,UESTC,https://lijin118.github.io,9x5saoEAAAAJ
Jingjing Wang,Soochow University,http://scst.suda.edu.cn/11250/list.htm,NOSCHOLARPAGE
Jingke Li,Portland State University,https://www.pdx.edu/computer-science/jingke-li,NOSCHOLARPAGE
Jingkuan Song,UESTC,http://cfm.uestc.edu.cn/~songjingkuan,F5Zy9V4AAAAJ
Jingling Sun,UESTC,https://sise.uestc.edu.cn/info/1037/11489.htm,NOSCHOLARPAGE
Jingling Xue,UNSW,http://www.cse.unsw.edu.au/~jingling,oZlds-AAAAAJ
Jingqiang Lin,Chinese Academy of Sciences,http://www.escience.cn/people/linjingqiang/index.html,UimjP5sAAAAJ
Jingru Zhang,Cleveland State University,http://cis.csuohio.edu/~zhang,HxjNIUIAAAAJ
Jingrui He,Univ. of Illinois at Urbana-Champaign,https://www.hejingrui.org,hXpZynkAAAAJ
Jingtao Wang,University of Pittsburgh,https://people.cs.pitt.edu/~jingtaow,BH__nV0AAAAJ
Jingtao Yao,University of Regina,http://www.cs.uregina.ca/People/Profiles/JingTaoYao.html,WHpY3ogAAAAJ
Jinguang Han,Queen's University Belfast,https://www.qub.ac.uk/schools/eeecs/Connect/Staff/BusinessCard/?name=j.han,euLvHOkAAAAJ
Jingwei Li 0001,UESTC,https://jingwei87.github.io,uSv67rIAAAAJ
Jingwen Leng,Shanghai Jiao Tong University,https://www.cs.sjtu.edu.cn/~leng-jw/index.html,L1y8y2MAAAAJ
Jingxian Wang,National University of Singapore,https://wangwireless.com,9j6NeHkAAAAJ
Jingya Wang,ShanghaiTech University,https://sist.shanghaitech.edu.cn/2020/0707/c7499a58578/page.htm,vmvJV_IAAAAJ
Jingya Zhou,Soochow University,http://web.suda.edu.cn/jy_zhou,leNH9TcAAAAJ
Jingye Cai,UESTC,https://www.is.uestc.edu.cn/teachers.do?id=1036,NOSCHOLARPAGE
Jingyi Yu,ShanghaiTech University,http://www.yu-jingyi.com/cv,R9L_AfQAAAAJ
Jingyong Su,Harbin Institute of Technology,http://faculty.hitsz.edu.cn/sujingyong,T8YbHBwAAAAJ
Jingyu Wang 0001,BUPT,https://teacher.bupt.edu.cn/wangjingyu/en/index.htm,NOSCHOLARPAGE
Jingyuan Wang,Beihang University,https://www.bigscity.com/jingyuan-wang,qsLImx8AAAAJ
Jingyuan Yang 0002,Shenzhen University,https://jingyuanyy.github.io/,bvxQ_ZkAAAAJ
Jingyuan Zhang,The University of Alabama,http://zhang.cs.ua.edu,NOSCHOLARPAGE
Jingyue Li,NTNU,https://www.ntnu.edu/employees/jingyue.li,ZeBM3ZAAAAAJ
Jingzheng Wu,Chinese Academy of Sciences,http://people.ucas.ac.cn/~jingzheng,ePUcUP4AAAAJ
Jingzhu He,ShanghaiTech University,https://jhe16.github.io/,wPs78uIAAAAJ
Jinho D. Choi,Emory University,https://cs.emory.edu/~choi/home.html,xdddblAAAAAJ
Jinho Lee,Yonsei University,http://acsys.yonsei.ac.kr/jinho.html,pm3Fso0AAAAJ
Jinhua Cui 0002,Hunan University,https://cimcs.github.io,UCPonvwAAAAJ
Jinhui Xu 0001,University at Buffalo,https://www.cse.buffalo.edu/~jinhui,NOSCHOLARPAGE
Jinjian Wu,Xidian University,https://web.xidian.edu.cn/wjj/,QsSBP2UAAAAJ
Jinjun Wang,Xi'an Jiaotong University,http://gr.xjtu.edu.cn/web/jinjun/english,Dk7JgNcAAAAJ
Jinjun Xiong,University at Buffalo,https://cse.buffalo.edu/~jinjun,tRt1xPYAAAAJ
Jinku Li,Xidian University,https://web.xidian.edu.cn/jkli/,NOSCHOLARPAGE
Jinkyu Jeong,Yonsei University,https://cslab.yonsei.ac.kr/professor,N4ti3HMAAAAJ
Jinkyu Lee 0001,Sungkyunkwan University,https://rtclskku.github.io/website/index.html,X4t-q6gAAAAJ
Jinlei Jiang,Tsinghua University,http://madsys.cs.tsinghua.edu.cn/~jinleijiang,Wx-JtQcAAAAJ
Jinlong E,Renmin University of China,http://info.ruc.edu.cn/jsky/szdw/ajxjgcx/jsjkxyjsx1/js3/d452e88d868744f19471399ab33d2cd4.htm,NOSCHOLARPAGE
Jinman Kim,University of Sydney,http://sydney.edu.au/engineering/people/jinman.kim.php,pLVaMiAAAAAJ
Jinming Duan 0001,University of Birmingham,https://www.birmingham.ac.uk/staff/profiles/computer-science/academic-staff/duan-jinming.aspx,s2tA2YgAAAAJ
Jinming Wen,Ecole Normale Superieure de Lyon,http://perso.ens-lyon.fr/jinming.wen,L_ssfM4AAAAJ
Jinpeng Huai,Beihang University,http://act.buaa.edu.cn/huaijp,NOSCHOLARPAGE
Jinqiao Shi,BUPT,https://scss.bupt.edu.cn/info/1063/3294.htm,NOSCHOLARPAGE
Jinqiu Yang 0001,Concordia University,https://jinqiuyang.github.io,DpY9rhEAAAAJ
Jinquan Zeng,UESTC,https://www.en.scse.uestc.edu.cn/info/1085/2030.htm,NOSCHOLARPAGE
Jinseek Choi,Hanyang University,http://mir.hanyang.ac.kr/professor.html,PTsbMiAAAAAJ
Jinshi Cui,Peking University,http://www.cis.pku.edu.cn/vision/Visual&Robot/people/CuiJinshi/index.htm,mgOosuUAAAAJ
Jinsong Gui,Central South University,https://faculty.csu.edu.cn/guijinsong/zh_CN/index.htm,NOSCHOLARPAGE
Jinsong Han,Zhejiang University,https://person.zju.edu.cn/hanjinsong,BST50KwAAAAJ
Jinsong Su,Xiamen University,https://cdmc.xmu.edu.cn/info/1010/1054.htm,w6qCk3sAAAAJ
Jinsoo Kim 0001,Seoul National University,https://cse.snu.ac.kr/en/professor/jin-soo-kim,U7b2CX0AAAAJ
Jinsub Kim,Oregon State University,http://eecs.oregonstate.edu/people/kim-jinsub,NOSCHOLARPAGE
Jinwei Gu,Chinese University of Hong Kong,https://www.cse.cuhk.edu.hk/people/faculty/jinwei-gu/,k_T8t30AAAAJ
Jinwei Ye,George Mason University,https://ivlab.cse.lsu.edu,ESpjkZoAAAAJ
Jinwoo Choi 0001,Kyung Hee University,https://sites.google.com/site/jchoivision,WcCMuIEAAAAJ
Jinwoo Shin,KAIST,http://alinlab.kaist.ac.kr/shin.html,m3eDp7kAAAAJ
Jinwook Seo,Seoul National University,http://hcil.snu.ac.kr,K1GtDBEAAAAJ
Jinxi Zhao,Nanjing University,https://cs.nju.edu.cn/zhaojinxi,NOSCHOLARPAGE
Jinxiang Chai,Texas A&M University,http://faculty.cs.tamu.edu/jchai,OcN1_gwAAAAJ
Jinya Su,University of Essex,https://www.essex.ac.uk/people/sujin68001/jinya-su,tTfMHMoAAAAJ
Jinyang Li 0001,New York University,http://www.cs.nyu.edu/~jinyang,MrWIWNwAAAAJ
Jinyang Liu 0003,University of Houston,https://jliu-1.github.io/,7X0j6LYAAAAJ
Jinye Peng,Northwest University,https://ist.nwu.edu.cn/info/1017/1262.htm,NOSCHOLARPAGE
Jinyoung Han,Sungkyunkwan University,https://sites.google.com/site/jyhantop,4rkPSC8AAAAJ
Jinyoung Yeo,Yonsei University,https://jinyeo.weebly.com/,rJBSLtAAAAAJ
Jinyu Gu 0001,Shanghai Jiao Tong University,https://ipads.se.sjtu.edu.cn/pub/members/jinyu_gu,31qOL6wAAAAJ
Jinyu Tian 0001,MUST,https://jinyutian.github.io/,wQZDPyoAAAAJ
Jinyu Zhan,UESTC,https://www.is.uestc.edu.cn/teachers.do?id=1078,NOSCHOLARPAGE
Jinyuan Jia,Tongji University,https://sse.tongji.edu.cn/jiajinyuan,NOSCHOLARPAGE
Jinyuan Stella Sun,University of Tennessee,http://web.eecs.utk.edu/~jysun,gqGfIIsAAAAJ
Jinyuan Sun,University of Tennessee,http://web.eecs.utk.edu/~jysun,gqGfIIsAAAAJ
Jiong Guo,Shandong University,http://www.cs.sdu.edu.cn/info/1088/2327.htm,4rjuV8YAAAAJ
Jipeng Qiang,Yangzhou University,https://qiang2100.github.io,1SgBQM4AAAAJ
Jiri Barnat,Masaryk University,https://www.muni.cz/en/people/3496,Z9ZkOdcAAAAJ
Jiri Bittner,Czech Technical University,https://dcgi.fel.cvut.cz/people/bittner,AAli7u8AAAAJ
Jiri Friml,IST Austria,https://ist.ac.at/research/research-groups/friml-group,NOSCHOLARPAGE
Jiri Matas,Czech Technical University,http://cmp.felk.cvut.cz/~matas,EJCNY6QAAAAJ
Jiri Sgall,Charles University,https://iuuk.mff.cuni.cz/~sgall,5XzFcZoAAAAJ
Jiri Sochor,Masaryk University,https://www.muni.cz/en/people/2446,kd3m5-4AAAAJ
Jiri Zara,Czech Technical University,https://dcgi.fel.cvut.cz/people/zara,V2QQklIAAAAJ
Jirong Wen,Renmin University of China,http://info.ruc.edu.cn/academic_professor.php?teacher_id=64,tbxCHJgAAAAJ
Jirí Fiala 0001,Charles University,https://kam.mff.cuni.cz/~fiala,UD7oqQoAAAAJ
Jirí Kléma,Czech Technical University,https://ida.fel.cvut.cz/klema,zuwJZmEAAAAJ
Jirí Sgall,Charles University,https://iuuk.mff.cuni.cz/~sgall,5XzFcZoAAAAJ
Jirí Sochor,Masaryk University,https://www.muni.cz/en/people/2446,kd3m5-4AAAAJ
Jirí Srba,Aalborg University,http://people.cs.aau.dk/~srba,PYmuJQoAAAAJ
Jirí Vokrínek,Czech Technical University,http://cs.fel.cvut.cz/en/people/xvokrine,-FihvIMAAAAJ
Jirí Zlatuska,Masaryk University,https://www.muni.cz/en/people/1777,NOSCHOLARPAGE
Jirí Zára,Czech Technical University,https://dcgi.fel.cvut.cz/people/zara,V2QQklIAAAAJ
Jishen Zhao,Univ. of California - San Diego,https://cseweb.ucsd.edu/~jzhao,MtkNrygAAAAJ
Jisoo Yang,University of Nevada Las Vegas,http://web.cs.unlv.edu/jisooy,PdBc3aEAAAAJ
Jisun An,Indiana University,https://jisun.me/,FYtw3zkAAAAJ
Jisung Park 0001,POSTECH,http://jisungpark.kr,1qw7AosAAAAJ
Jitender S. Deogun,University of Nebraska,http://cse.unl.edu/~deogun,QpLZdfoAAAAJ
Jitendra Malik,Univ. of California - Berkeley,https://people.eecs.berkeley.edu/~malik,oY9R5YQAAAAJ
Jiun-Long Huang,National Chiao Tung University,http://www.cs.nctu.edu.tw/~jlhuang,NOSCHOLARPAGE
Jiwon Seo 0002,Hanyang University,http://bdsl.hanyang.ac.kr/members/jiwonseo,O1WC6TAAAAAJ
Jiwu Shu,Tsinghua University,http://storage.cs.tsinghua.edu.cn/~jiwu-shu,VccUDSgAAAAJ
Jiyan Wu,Shenzhen University,https://sites.google.com/site/wujiyanweb,3aTNQsgAAAAJ
Jiyao An,Hunan University,http://csee.hnu.edu.cn/people/anjiyao,BeWWwfsAAAAJ
Jiying Zhao,University of Ottawa,http://www.site.uottawa.ca/~jyzhao,zHFUSYMAAAAJ
Jize Yan,University of Southampton,https://www.ecs.soton.ac.uk/people/jy12g15,tITMbskAAAAJ
Jizhong Xiao,CUNY,http://www-ee.ccny.cuny.edu/www/web/jxiao/jxiao.html,hUo4KuQAAAAJ
Jizhong Zhao,Xi'an Jiaotong University,http://www.xjtu.edu.cn/jsnr.jsp?urltype=tree.TreeTempUrl&wbtreeid=1632&wbwbxjtuteacherid=626,CbGjM58AAAAJ
Jnyana Ranjan Mohanty,KIIT Bhubaneswar,https://ksca.kiit.ac.in/profiles/jnyana-ranjan-mohanty/,DHvFWE0AAAAJ
Jo Iacovides,University of York,https://www-users.york.ac.uk/~ii560,LuBaasYAAAAJ
Jo Ueyama,USP-ICMC,http://conteudo.icmc.usp.br/pessoas/joueyama,OXlxfi4AAAAJ
Jo Wood,City University of London,https://www.city.ac.uk/people/academics/jo-wood#profile=overview,IySbkVoAAAAJ
Joab R. Winkler,University of Sheffield,https://www.sheffield.ac.uk/dcs/people/academic/joab-winkler,6cEV3NAAAAAJ
Joachim Denzler,Friedrich Schiller University Jena,http://www.inf-cv.uni-jena.de/denzler.html,bhpi3vgAAAAJ
Joachim Fischer,Humboldt University of Berlin,https://www.informatik.hu-berlin.de/de/forschung/gebiete/sam,NOSCHOLARPAGE
Joachim Giesen,Friedrich Schiller University Jena,http://theinf2.informatik.uni-jena.de,NOSCHOLARPAGE
Joachim Gudmundsson,University of Sydney,https://www.sydney.edu.au/engineering/about/our-people/academic-staff/joachim-gudmundsson.html,uECC9_gAAAAJ
Joachim Hertzberg,University of Osnabrück,http://www2.inf.uni-osnabrueck.de/hertzberg,4978xwoAAAAJ
Joachim Hornegger,University of Erlangen–Nuremberg,https://lme.tf.fau.de/person/joachim-hornegger,s7A4ZYgAAAAJ
Joachim K. Anlauf,University of Bonn,https://www.ti.uni-bonn.de/Members/anlauf,NOSCHOLARPAGE
Joachim Klaus Anlauf,University of Bonn,https://www.ti.uni-bonn.de/Members/anlauf,NOSCHOLARPAGE
Joachim M. Buhmann,ETH Zurich,http://www.ml.inf.ethz.ch,zQWbCzYAAAAJ
Joachim Niehren,CRIStAL,http://researchers.lille.inria.fr/niehren,sG4pk9cAAAAJ
Joachim Parrow,Uppsala University,http://user.it.uu.se/~joachim,AjzWAu4AAAAJ
Joachim Posegga,University of Passau,https://web.sec.uni-passau.de/members/joachim/index.php,NOSCHOLARPAGE
Joachim Weickert,Saarland University,http://www.mia.uni-saarland.de/weickert/index.shtml,IWwCuGAAAAAJ
Joachim von Hacht,Chalmers/GU,https://www.chalmers.se/en/staff/Pages/joachim-hacht.aspx,NOSCHOLARPAGE
Joakim Lilliesköld,KTH Royal Institute of Technology,https://www.kth.se/profile/joakiml,4ki0Nk4AAAAJ
Joan Bruna,New York University,http://www.cs.nyu.edu/~bruna,L4bNmsMAAAAJ
Joan Bruna Estrach,New York University,http://www.cs.nyu.edu/~bruna,L4bNmsMAAAAJ
Joan Daemen,Radboud University,https://cs.ru.nl/~joan,onY4i0oAAAAJ
Joan Feigenbaum,Yale University,http://www.cs.yale.edu/~jf,IAeKTGsAAAAJ
Joan-Manuel Parcerisa,Polytechnic University of Catalonia,http://personals.ac.upc.edu/jmanel,S6AXVlAAAAAJ
Joana Gonçalves,TU Delft,http://joanagoncalves.org,NcQxaAsAAAAJ
Joanna Bergstrom-Lehtovirta,University of Copenhagen,https://di.ku.dk/english/staff/vip/?pure=en/persons/540723,NL1Q89sAAAAJ
Joanna Bergström,University of Copenhagen,https://di.ku.dk/english/staff/vip/?pure=en/persons/540723,NL1Q89sAAAAJ
Joanna Bergström-Lehtovirta,University of Copenhagen,https://di.ku.dk/english/staff/vip/?pure=en/persons/540723,NL1Q89sAAAAJ
Joanna Bryson,University of Bath,http://www.cs.bath.ac.uk/~jjb,QOU1RTUAAAAJ
Joanna C. S. Santos,University of Notre Dame,https://cse.nd.edu/faculty/joanna-cecilia-da-silva-santos,mkGmYyAAAAAJ
Joanna Cecilia da Silva Santos,University of Notre Dame,https://cse.nd.edu/faculty/joanna-cecilia-da-silva-santos,mkGmYyAAAAAJ
Joanna J. Bryson,University of Bath,http://www.cs.bath.ac.uk/~jjb,QOU1RTUAAAAJ
Joanna Loveday,Middlesex University,https://www.mdx.ac.uk/about-us/our-people/staff-directory/profile/loveday-joanna,NOSCHOLARPAGE
Joanna McGrenere,University of British Columbia,http://www.cs.ubc.ca/~joanna,ZRWlokAAAAAJ
Joanna Pauline Rivera,De La Salle University,https://www.dlsu.edu.ph/colleges/ccs/faculty-profile/single/?id=32665818331&command=GETPROFILE,NOSCHOLARPAGE
Joanne Evans,Monash University,http://monash.edu/research/explore/en/persons/joanne-evans(a6fe1ce6-6bfc-4aeb-941b-c0ee2a5d6046).html,XfOEsm4AAAAJ
Joanne F. Selinski,Johns Hopkins University,http://www.cs.jhu.edu/~joanne,NOSCHOLARPAGE
Joanne M. Atlee,University of Waterloo,https://cs.uwaterloo.ca/~jmatlee,GgdeFwoAAAAJ
Joannes J. Westerink,University of Notre Dame,https://engineering.nd.edu/profiles/jwesterink,BNJg8nwAAAAJ
Joao Baptista da Silva Araujo,Universidade NOVA de Lisboa,https://docentes.fct.unl.pt/p191,tP9cyo0AAAAJ
Joao Meidanis,UNICAMP,http://www.ic.unicamp.br/~meidanis,sIl4QTcAAAAJ
Joaquim A. Jorge,Universidade de Lisboa,http://web.tecnico.ulisboa.pt/jorgej,RgiMdpAAAAAJ
Joaquim Armando Pires Jorge,Universidade de Lisboa,http://web.tecnico.ulisboa.pt/jorgej,RgiMdpAAAAAJ
Joaquin Vaschoren,TU Eindhoven,http://www.win.tue.nl/~jvanscho,NOSCHOLARPAGE
Jocelyn Dunstan,Pontificia Universidad Catolica de Chile,https://www.ing.uc.cl/academicos-e-investigadores/jocelyn-mariel-dunstan-escudero/,geH4mS0AAAAJ
Jocelyn Simmonds,Universidad de Chile,http://www.dcc.uchile.cl/~jsimmond,QTdKy5gAAAAJ
Jocelynn Cu,De La Salle University,https://www.dlsu.edu.ph/colleges/ccs/faculty-profile/single/?id=32742661694&command=GETPROFILE,vHVPmkgAAAAJ
Jochen H. Schiller,Freie Universitaet Berlin,http://www.mi.fu-berlin.de/inf/groups/ag-tech/staff/0Current/schiller.html,bmbitrMAAAAJ
Jochen J. Steil,TU Braunschweig,http://www.rob.cs.tu-bs.de/jsteil,K5XMwe4AAAAJ
Jochen Jakob Steil,TU Braunschweig,http://www.rob.cs.tu-bs.de/jsteil,K5XMwe4AAAAJ
Jochen Könemann,University of Waterloo,http://www.math.uwaterloo.ca/~jochen,Ak7gyjQAAAAJ
Jochen Lang 0001,University of Ottawa,http://www.site.uottawa.ca/~jlang,5sN8OuAAAAAJ
Jochen Renz,Australian National University,http://users.cecs.anu.edu.au/~jrenz,YlsJH-IAAAAJ
Jochen Steil,TU Braunschweig,http://www.rob.cs.tu-bs.de/jsteil,K5XMwe4AAAAJ
Jochen Triesch,Goethe University Frankfurt,https://www.fias.science/de/fellows/detail/triesch-jochen,AgEdsugAAAAJ
Jochen Trumpf,Australian National University,http://users.cecs.anu.edu.au/~trumpf,c-ZZKpAAAAAJ
Jodi Forlizzi,Carnegie Mellon University,https://www.hcii.cmu.edu/people/jodi-forlizzi,Hyhp_zUAAAAJ
Jodi L. Forlizzi,Carnegie Mellon University,https://www.hcii.cmu.edu/people/jodi-forlizzi,Hyhp_zUAAAAJ
Joe B. Wells,Heriot-Watt University,https://researchportal.hw.ac.uk/en/persons/joseph-brian-wells,NOSCHOLARPAGE
Joe Carthy,University College Dublin,https://people.ucd.ie/joe.carthy,NOSCHOLARPAGE
Joe Cavallaro,Rice University,http://cavallaro.rice.edu,yi-l0zkAAAAJ
Joe Cecil,Oklahoma State University,http://cs.okstate.edu/~j.cecil,7A-cBUoAAAAJ
Joe D. Warren,Rice University,https://www.cs.rice.edu/~jwarren,PVvU3TsAAAAJ
Joe Devietti,University of Pennsylvania,https://www.cis.upenn.edu/~devietti,0o1C8ykAAAAJ
Joe Finney,Lancaster University,https://www.lancaster.ac.uk/scc/about-us/people/joe-finney,BVXKqI0AAAAJ
Joe Gardiner,University of Bristol,https://www.bristol.ac.uk/people/person/Joe-Gardiner-254c44cd-a1a1-4313-a935-5b900ca5de78/,_K091q8AAAAJ
Joe Geigel,Rochester Institute of Technology,https://www.cs.rit.edu/~jmg,NOSCHOLARPAGE
Joe Gibbs Politz,Univ. of California - San Diego,https://jpolitz.github.io,WKvmSlYAAAAJ
Joe Halpern,Cornell University,https://www.cs.cornell.edu/home/halpern,FsBCAfgAAAAJ
Joe K. Kearney,University of Iowa,http://homepage.cs.uiowa.edu/~kearney,wKC0dwcAAAAJ
Joe Konstan,University of Minnesota,http://konstan.umn.edu,PH4mytYAAAAJ
Joe LaViola,University of Central Florida,https://www.cs.ucf.edu/~jjl,kXZaMu8AAAAJ
Joe Pitt-Francis,University of Oxford,http://www.cs.ox.ac.uk/people/joe.pitt-francis,MHL2H-MAAAAJ
Joe Sawada,University of Guelph,https://www.uoguelph.ca/computing/people/joseph-sawada,GEKMSR4AAAAJ
Joe Sventek,University of Oregon,https://www.cs.uoregon.edu/People/Faculty/Joe_Sventek.php,U_VRZucAAAAJ
Joe Tekli,Lebanese American University,http://soe.lau.edu.lb/ece/faculty-staff/joe_m_tekli.php,1YQgsckAAAAJ
Joel A. Tropp,California Institute of Technology,http://users.cms.caltech.edu/~jtropp,i4_3daEAAAAJ
Joel Carpenter,University of Queensland,http://researchers.uq.edu.au/researcher/11891,I2YWnA8AAAAJ
Joel Chan,University of Maryland - College Park,https://www.cs.umd.edu/people/joelchan,4EXyZ14AAAAJ
Joel David Hamkins,CUNY,http://jdh.hamkins.org,MHLQDYQAAAAJ
Joel E. Fischer,University of Nottingham,https://www.nottingham.ac.uk/computerscience/people/joel.fischer,EApjA0oAAAAJ
Joel Ferguson,Univ. of California - Santa Cruz,https://users.soe.ucsc.edu/~fjf,BidurS4AAAAJ
Joel Friedman,University of British Columbia,https://www.math.ubc.ca/~jf,NOSCHOLARPAGE
Joel H. Saltz,Stony Brook University,https://bmi.stonybrookmedicine.edu/people/joel_saltz,_0dkufgAAAAJ
Joel H. Spencer,New York University,http://cs.nyu.edu/spencer,AmmWYgEAAAAJ
Joel I. Seiferas,University of Rochester,https://www.cs.rochester.edu/~joel,NOSCHOLARPAGE
Joel Ilao,De La Salle University,https://www.dlsu.edu.ph/colleges/ccs/faculty-profile/single/?id=32742738160&command=GETPROFILE,gd8W9ecAAAAJ
Joel Luis Carbonera,UFRGS,https://www.inf.ufrgs.br/site/docente/joel-luis-carbonera,oMtHaoQAAAAJ
Joel Luís Carbonera,UFRGS,https://www.inf.ufrgs.br/site/docente/joel-luis-carbonera,oMtHaoQAAAAJ
Joel McManus,Carnegie Mellon University,https://labs.bio.cmu.edu/mcmanus/,28yZqbcAAAAJ
Joel Moses,Massachusetts Institute of Technology,https://esd.mit.edu/Faculty_Pages/moses/moses.htm,NOSCHOLARPAGE
Joel P. Ilao,De La Salle University,https://www.dlsu.edu.ph/colleges/ccs/faculty-profile/single/?id=32742738160&command=GETPROFILE,gd8W9ecAAAAJ
Joel Reardon,University of Calgary,http://pages.cpsc.ucalgary.ca/~joel.reardon,NOSCHOLARPAGE
Joel S. Bader,Johns Hopkins University,https://www.baderzone.org/,-dyxvHoAAAAJ
Joel Spencer,New York University,http://cs.nyu.edu/spencer,AmmWYgEAAAAJ
Joel Voldman,Massachusetts Institute of Technology,http://www.rle.mit.edu/biomicro,NOSCHOLARPAGE
Joemon Jose,University of Glasgow,http://www.dcs.gla.ac.uk/~jj,7t8ha2sAAAAJ
Joemon M. Jose,University of Glasgow,http://www.dcs.gla.ac.uk/~jj,7t8ha2sAAAAJ
Joerg Evermann,Memorial University of Newfoundland,https://www.mun.ca/computerscience/people,U_oFhMkAAAAJ
Joerg Sander 0001,University of Alberta,https://webdocs.cs.ualberta.ca/~joerg,QzFTFLEAAAAJ
Joerg Schroettner,Graz University of Technology,https://www.tugraz.at/institute/hce/institut/team,NOSCHOLARPAGE
Joerg Widmer,IMDEA Networks Institute,http://people.networks.imdea.org/~joerg_widmer,LT1_KV4AAAAJ
Joey Paquet,Concordia University,http://users.encs.concordia.ca/~paquet/wiki/index.php?title=Dr._Joey_Paquet_Home_Page,uzK_jQIAAAAJ
Jogesh K. Muppala,HKUST,http://www.cse.ust.hk/faculty/muppala,cG0My4kAAAAJ
Johan A. Pouwelse,TU Delft,http://www.ds.ewi.tudelft.nl/pouwelse,pprQKjUAAAAJ
Johan Bollen,Indiana University,https://homes.luddy.indiana.edu/jbollen,jDmcdsUAAAAJ
Johan Bos,University of Groningen,https://www.rug.nl/staff/johan.bos,Pkj8OSoAAAAJ
Johan Hoffman,KTH Royal Institute of Technology,https://www.kth.se/profile/jhoffman,1mqIKC0AAAAJ
Johan Holmgren,Malmö University,https://mau.se/en/persons/johan.holmgren/,NOSCHOLARPAGE
Johan Håstad,KTH Royal Institute of Technology,http://www.csc.kth.se/~johanh,n0QrdEMAAAAJ
Johan J. Lukkien,TU Eindhoven,http://www.win.tue.nl/~johanl,uhm-j-cAAAAJ
Johan Jansson,KTH Royal Institute of Technology,https://www.kth.se/profile/jjan,Nq8tC0cAAAAJ
Johan Jeuring,Utrecht University,http://www.staff.science.uu.nl/~jeuri101/homepage/Publications/index.html,weRJxNwAAAAJ
Johan Karlander,KTH Royal Institute of Technology,http://www.nada.kth.se/~karlan,NOSCHOLARPAGE
Johan Karlsson,Chalmers/GU,https://www.chalmers.se/en/staff/Pages/johan.aspx,NOSCHOLARPAGE
Johan Lukkien,TU Eindhoven,http://www.win.tue.nl/~johanl,uhm-j-cAAAAJ
Johan M. M. van Rooij,Utrecht University,https://www.uu.nl/medewerkers/JMMvanRooij,yvdwmFEAAAAJ
Johan Montelius,KTH Royal Institute of Technology,https://people.kth.se/~johanmon,EDFklRkAAAAJ
Johan Potgieter,Massey University,http://www.massey.ac.nz/massey/expertise/profile.cfm?stref=914630,NOSCHOLARPAGE
Johan Pouwelse,TU Delft,http://www.ds.ewi.tudelft.nl/pouwelse,pprQKjUAAAAJ
Johan Sebastian Heesemann Rosenkilde,DTU,https://www.compute.dtu.dk/english,NOSCHOLARPAGE
Johann A. Makowsky,Technion,http://www.cs.technion.ac.il/~janos,ooNKL6UAAAAJ
Johann Blieberger,TU Wien,https://www.auto.tuwien.ac.at/index.php/projectsites/185-johann-blieberger,NOSCHOLARPAGE
Johann Christoph Freytag,Humboldt University of Berlin,http://www.dbis.informatik.hu-berlin.de,yVGyEzIAAAAJ
Johann Eder,University of Klagenfurt,https://www.aau.at/en/isys/ics/team/eder-johann,pL4-zdkAAAAJ
Johann Reger,TU Ilmenau,https://www.tu-ilmenau.de/regelungstechnik/mitarbeiter/johann-reger,NOSCHOLARPAGE
Johann Sebastian Rudolph,TU Dresden,https://iccl.inf.tu-dresden.de/web/Sebastian_Rudolph/en,b3qVb6IAAAAJ
Johann-Christoph Freytag,Humboldt University of Berlin,http://www.dbis.informatik.hu-berlin.de,yVGyEzIAAAAJ
Johanna Pirker,Graz University of Technology,http://jpirker.com,ta4FNOkAAAAJ
Johanna Viitanen,Aalto University,https://www.aalto.fi/en/people/johanna-viitanen,N0AGInQAAAAJ
Johanna Virkki,Tampere University,https://www.tuni.fi/en/johanna-virkki,8ZuiZL0AAAAJ
Johannes A. Buchmann,TU Darmstadt,https://www.cdc.informatik.tu-darmstadt.de/de/cdc/personen/johannes-buchmann,NOSCHOLARPAGE
Johannes Bjerva,Aalborg University,https://bjerva.github.io/index.html,F9zlUBcAAAAJ
Johannes Blömer,Paderborn University,http://cs.uni-paderborn.de/cuk/personal/johannes-bloemer,m2rAzw8AAAAJ
Johannes Borgström,Uppsala University,https://katalog.uu.se/empinfo/?id=N10-775,xXcsqJ4AAAAJ
Johannes Buchmann 0001,TU Darmstadt,https://www.cdc.informatik.tu-darmstadt.de/de/cdc/personen/johannes-buchmann,NOSCHOLARPAGE
Johannes C. van Vliet,VU Amsterdam,http://www.cs.vu.nl/~hans,4YAdfEsAAAAJ
Johannes Fink,IST Austria,https://ist.ac.at/research/research-groups/fink-group,4Ot68t8AAAAJ
Johannes Fischer 0001,TU Dortmund,https://ls11-www.cs.tu-dortmund.de/staff/fischer,ldpdi_gAAAAJ
Johannes Fürnkranz,JKU Linz,https://www.jku.at/en/faw/about-us/team/johannes-fuernkranz,sfTn4wEAAAAJ
Johannes Kinder,LMU Munich,https://www.plai.ifi.lmu.de/people/professors/kinder/,rnDHTKYAAAAJ
Johannes Kirchmair,University of Hamburg,https://www.zbh.uni-hamburg.de/personen/acm/jkirchmair.html,s7By7lIAAAAJ
Johannes Krugel,University of Hannover,https://www.dei.uni-hannover.de/de/krugel,NOSCHOLARPAGE
Johannes Köbler,Humboldt University of Berlin,https://www.informatik.hu-berlin.de/forschung/gebiete/algorithmenII,NOSCHOLARPAGE
Johannes Peter Wallner,Graz University of Technology,https://wallner.ist.tugraz.at,MNjnPt4AAAAJ
Johannes Sametinger,JKU Linz,https://www.se.jku.at/johannes-sametinger,92HPqbEAAAAJ
Johannes Schilp,University of Augsburg,https://www.uni-augsburg.de/de/fakultaet/fai/informatik/prof/pi/lehrstuhl/mitarbeiter/schilp,NOSCHOLARPAGE
Johannes Schöning,University of Bremen,https://johannesschoening.de,kLVhCO0AAAAJ
Johes Bater,Tufts University,https://facultyprofiles.tufts.edu/johes-bater,EyevWpUAAAAJ
John (Jack) Morgan Sampson,Pennsylvania State University,http://www.cse.psu.edu/~jms1257,fSQCT0YAAAAJ
John (Juyang) Weng,Michigan State University,http://www.cse.msu.edu/~weng,HnQ2gqMAAAAJ
John A. Carroll,University of Sussex,http://www.sussex.ac.uk/informatics/people/peoplelists/person/25069,p_gHNi4AAAAJ
John A. Clark,University of Sheffield,https://www.sheffield.ac.uk/dcs/people/academic/john-clark,xu3n6owAAAAJ
John A. Goldsmith,University of Chicago,https://linguistics.uchicago.edu/faculty/goldsmith,OGbi6t0AAAAJ
John A. Halderman,University of Michigan,https://jhalderm.com,h6yXnyEAAAAJ
John A. Kapenga,Western Michigan University,https://wmich.edu/cs/directory/kapenga,NOSCHOLARPAGE
John A. Mariani,Lancaster University,https://www.lancaster.ac.uk/scc/about-us/people/john-mariani,ke0ClnoAAAAJ
John A. McDermid,University of York,https://www-users.cs.york.ac.uk/~jam,REscLkoAAAAJ
John A. Miller 0001,University of Georgia,http://cobweb.cs.uga.edu/~jam,zTBeQq0AAAAJ
John A. Stankovic,University of Virginia,https://engineering.virginia.edu/faculty/john-stankovic,4VJre9IAAAAJ
John A. Taylor,Australian National University,https://comp.anu.edu.au/people/john-taylor,snPuR38AAAAJ
John A. Walsh,Indiana University,https://info.sice.indiana.edu/~jawalsh,NOSCHOLARPAGE
John Aloimonos,University of Maryland - College Park,http://www.cfar.umd.edu/~yiannis,7QmEsOwAAAAJ
John Amanatides,York University,http://www.cs.yorku.ca/~amana,NOSCHOLARPAGE
John Anderson 0001,University of Manitoba,http://www.cs.umanitoba.ca/~andersj,PGcc-RIAAAAJ
John Andrew Carroll,University of Sussex,http://www.sussex.ac.uk/informatics/people/peoplelists/person/25069,p_gHNi4AAAAJ
John Andrew Clark,University of Sheffield,https://www.sheffield.ac.uk/dcs/people/academic/john-clark,xu3n6owAAAAJ
John Augustine,IIT Madras,https://www.iitm.ac.in/info/fac/augustine,4YaUTfYAAAAJ
John Aycock,University of Calgary,http://www.cpsc.ucalgary.ca/~aycock,NOSCHOLARPAGE
John B. McDonald 0001,Maynooth University,https://www.maynoothuniversity.ie/faculty-science-engineering/our-people/john-mcdonald,MrI1EV4AAAAJ
John Bagterp Jørgensen,DTU,https://www.compute.dtu.dk/english,NOSCHOLARPAGE
John Bennett,University of Colorado - Denver,http://www.ucdenver.edu/academics/colleges/Engineering/Programs/Computer-Science-and-Engineering/faculty/Pages/JohnBennett.aspx,NOSCHOLARPAGE
John Betts,Monash University,http://monash.edu/research/explore/en/persons/john-betts(5184b874-026b-4bee-a7ff-24206370acc0).html,Abh6ixEAAAAJ
John Black,University of Colorado Boulder,https://www.cs.colorado.edu/~jrblack,nlleO34AAAAJ
John Board,Duke University,https://ece.duke.edu/faculty/john-board,G4sm_HQAAAAJ
John Boyland,University of Wisconsin - Milwaukee,http://www.cs.uwm.edu/faculty/boyland,I4lFc4IAAAAJ
John Businge,University of Nevada Las Vegas,http://johnxu21.github.io/,n9RFi3sAAAAJ
John Bustard,Queen's University Belfast,https://pure.qub.ac.uk/en/persons/john-bustard,NOSCHOLARPAGE
John C. Duchi,Stanford University,https://web.stanford.edu/~jduchi/,i5srt20AAAAJ
John C. Gallagher,University of Cincinnati,https://researchdirectory.uc.edu/p/gallagj9,9TLO14IAAAAJ
John C. Grundy,Monash University,https://sites.google.com/site/johncgrundy,bbEQGY8AAAAJ
John C. Hart,Univ. of Illinois at Urbana-Champaign,https://cs.illinois.edu/directory/profile/jch,MjmBY5AAAAAJ
John C. Lusth,The University of Alabama,http://lusth.cs.ua.edu,NOSCHOLARPAGE
John C. Mitchell,Stanford University,http://theory.stanford.edu/people/jcm,1_kJPIEAAAAJ
John C. Paolillo,Indiana University,http://paolillo.soic.indiana.edu,NOSCHOLARPAGE
John C. S. Lui,Chinese University of Hong Kong,http://www.cse.cuhk.edu.hk/~cslui,7LVjQ7MAAAAJ
John C. Stamper,Carnegie Mellon University,https://www.hcii.cmu.edu/people/john-stamper,VFGDcvoAAAAJ
John Cartlidge,University of Bristol,https://seis.bristol.ac.uk/~cszjpc,qby_M_wAAAAJ
John Chi-Shing Lui,Chinese University of Hong Kong,http://www.cse.cuhk.edu.hk/~cslui,7LVjQ7MAAAAJ
John Criswell,University of Rochester,https://www.cs.rochester.edu/u/criswell,jGZab7kAAAAJ
John D. Kececioglu,University of Arizona,https://www.cs.arizona.edu/~kece,SKXmmxIAAAAJ
John D. Kelleher,Maynooth University,https://www.linkedin.com/in/johndkelleher/,4FUPHHYAAAAJ
John D. Kubiatowicz,Univ. of California - Berkeley,http://www.cs.berkeley.edu/~kubitron,00M1AqQAAAAJ
John D. Lafferty,Yale University,https://statistics.yale.edu/people/john-lafferty,NOSCHOLARPAGE
John D. Owens,Univ. of California - Davis,https://www.ece.ucdavis.edu/~jowens,uIpPgJEAAAAJ
John D. Storey,Princeton University,https://storeylab.org/,oi4x2XIAAAAJ
John Daugman,University of Cambridge,https://www.cl.cam.ac.uk/~jgd1000,D0Q3owUAAAAJ
John Derrick,University of Sheffield,https://www.sheffield.ac.uk/dcs/people/academic/john-derrick,UjKdePoAAAAJ
John Dingliana,Trinity College Dublin,https://www.scss.tcd.ie/John.Dingliana,gkc2ZfIAAAAJ
John Dowell,University College London,http://www0.cs.ucl.ac.uk/people/J.Dowell.html,NOSCHOLARPAGE
John Dunnion,University College Dublin,https://www.researchgate.net/profile/John-Dunnion,NOSCHOLARPAGE
John Durrett,Texas State University,https://cs.txstate.edu/accounts/profiles/hd01,NOSCHOLARPAGE
John E. Anderson,University of Manitoba,http://www.cs.umanitoba.ca/~andersj,PGcc-RIAAAAJ
John E. Hopcroft,Cornell University,http://www.cs.cornell.edu/jeh,NOSCHOLARPAGE
John E. Laird,University of Michigan,http://ai.eecs.umich.edu/people/laird,ea6cjVUAAAAJ
John E. Psarras,NTUA,https://www.ece.ntua.gr/en/staff/65,AMoT_2wAAAAJ
John Edwards 0002,Utah State University,https://www.usu.edu/cs/directory/faculty/edwards-john,ZKE3U6UAAAAJ
John Edwin Laird,University of Michigan,http://ai.eecs.umich.edu/people/laird,ea6cjVUAAAAJ
John Eric Anderson,University of Manitoba,http://www.cs.umanitoba.ca/~andersj,PGcc-RIAAAAJ
John F. Canny,Univ. of California - Berkeley,https://www2.eecs.berkeley.edu/Faculty/Homepages/canny.html,LAv0HTEAAAAJ
John F. Horty,University of Maryland - College Park,https://www.cs.umd.edu/people/horty,LMklB_IAAAAJ
John F. Hughes,Brown University,http://cs.brown.edu/~jfh,EEG6tPMAAAAJ
John Fearnley,University of Liverpool,https://cgi.csc.liv.ac.uk/~john,EmxapaUAAAAJ
John Franco,University of Cincinnati,http://gauss.ececs.uc.edu/franco_files/franco.html,ldgiV80AAAAJ
John G. Daugman,University of Cambridge,https://www.cl.cam.ac.uk/~jgd1000,D0Q3owUAAAAJ
John G. O'Hara,University of Essex,https://www.essex.ac.uk/people/ohara61509/john-o-hara,EPQvmhkAAAAJ
John G. Stell,University of Leeds,https://eps.leeds.ac.uk/computing/staff/258/dr-john-stell,h_Fv6o8AAAAJ
John G. Wager,Oregon State University,http://eecs.oregonstate.edu/people/wager-john,ZgUfjxcsQU4C
John Georgas,Northern Arizona University,https://www.cefns.nau.edu/~jg455,NOSCHOLARPAGE
John Grundy,Monash University,https://sites.google.com/site/johncgrundy,bbEQGY8AAAAJ
John Grundy 0001,Monash University,https://sites.google.com/site/johncgrundy,bbEQGY8AAAAJ
John H. Hartman,University of Arizona,https://www.cs.arizona.edu/~jhh,zqPtcskAAAAJ
John H. Hine,Victoria University of Wellington,http://ecs.victoria.ac.nz/Main/JohnHine,NOSCHOLARPAGE
John H. Reif,Duke University,https://users.cs.duke.edu/~reif/,Er-gEaoAAAAJ
John H. Reppy,University of Chicago,http://people.cs.uchicago.edu/~jhr,hz1S-asAAAAJ
John H. Williamson 0001,University of Glasgow,http://www.dcs.gla.ac.uk/~jhw,fcvb8f8AAAAJ
John Hale,University of Tulsa,https://faculty.utulsa.edu/faculty/john-hale,gSsLWL0AAAAJ
John Hannan,Pennsylvania State University,http://www.eecs.psu.edu/departments/faculty-staff-list.aspx,HAfOGdsAAAAJ
John Hatcliff,Kansas State University,http://cis.ksu.edu/~hatcliff,B56JLs0AAAAJ
John Hughes 0001,Chalmers/GU,https://www.chalmers.se/en/staff/Pages/rjmh.aspx,adD4xmAAAAAJ
John Iacono,Université libre de Bruxelles,http://johniacono.com,cF2lHxgAAAAJ
John J. Heslen,Augusta University,https://www.augusta.edu/faculty/directory/view.php?id=JHESLEN,xOmATMMAAAAJ
John J. Metzner,Pennsylvania State University,https://ed.psu.edu/directory,NOSCHOLARPAGE
John J. Regazzi,LIU Post,http://liu-post.academia.edu/JohnRegazzi,NOSCHOLARPAGE
John Jack Lange,University of Pittsburgh,https://www.cs.pitt.edu/~jacklange,47I8TqkAAAAJ
John Johnstone,University of Alabama - Birmingham,https://www.uab.edu/cas/computerscience/people/faculty-directory/john-k-johnstone,NOSCHOLARPAGE
John Jose,IIT Guwahati,https://www.iitg.ernet.in/johnjose,KR7K-XEAAAAJ
John K. Antonio,University of Oklahoma,https://www.ou.edu/coe/cs/people/faculty/john-antonio,NOSCHOLARPAGE
John K. Bennett,University of Colorado Boulder,https://www.colorado.edu/cs/users/jbk,Yp8S-_QAAAAJ
John K. Ousterhout,Stanford University,http://web.stanford.edu/~ouster,nDH-AqwAAAAJ
John K. Tsotsos,York University,http://www.cse.yorku.ca/~tsotsos/Tsotsos/Home.html,Ic6ZXhUAAAAJ
John Keyser,Texas A&M University,http://faculty.cs.tamu.edu/keyser,K4o-D-cAAAAJ
John Kim 0001,KAIST,http://icn.kaist.ac.kr/~jjk12,ANnlqOwAAAAJ
John Knottenbelt,Imperial College London,http://www.imperial.ac.uk/people/w.knottenbelt,Vz8XWRoAAAAJ
John Krogstie,NTNU,http://www.idi.ntnu.no/~krogstie,IVFkoKgAAAAJ
John Kubiatowicz,Univ. of California - Berkeley,http://www.cs.berkeley.edu/~kubitron,00M1AqQAAAAJ
John L. Arnott,University of Dundee,http://staff.computing.dundee.ac.uk/jarnott,NOSCHOLARPAGE
John L. Barron,Western University,http://www.csd.uwo.ca/faculty/barron,RcLOFz0AAAAJ
John L. Hennessy,Stanford University,https://president.stanford.edu/biography,tp07xT0AAAAJ
John L. Wyatt,Massachusetts Institute of Technology,http://www.rle.mit.edu/bio-wyatt,Xzaz7iwAAAAJ
John L. Wyatt Jr.,Massachusetts Institute of Technology,http://www.rle.mit.edu/bio-wyatt,Xzaz7iwAAAAJ
John Lafferty,Yale University,https://statistics.yale.edu/people/john-lafferty,NOSCHOLARPAGE
John Lalor,University of Notre Dame,https://jplalor.github.io/,d7r0R14AAAAJ
John Lapinskas,University of Bristol,https://research-information.bris.ac.uk/en/persons/john-a-lapinskas,fEZUoPwAAAAJ
John Lee 0004,University of Edinburgh,http://www.inf.ed.ac.uk/people/staff/John_Lee.html,NOSCHOLARPAGE
John Lewis 0001,Victoria University of Wellington,http://ecs.victoria.ac.nz/Main/JohnLewis,wC_k2-4AAAAJ
John Liagouris,Boston University,https://cs-people.bu.edu/liagos,eNdCmjoAAAAJ
John Licato,University of South Florida,https://cse.usf.edu/~licato,pewRWtIAAAAJ
John Lillis,University of Illinois at Chicago,https://www.cs.uic.edu/~jlillis,3oyf5I4AAAAJ
John Longley,University of Edinburgh,http://www.inf.ed.ac.uk/people/staff/John_Longley.html,NOSCHOLARPAGE
John M. Betts,Monash University,http://monash.edu/research/explore/en/persons/john-betts(5184b874-026b-4bee-a7ff-24206370acc0).html,Abh6ixEAAAAJ
John M. Carroll 0001,Pennsylvania State University,https://jcarroll.ist.psu.edu,7Mg8JZMAAAAJ
John M. Gauch,University of Arkansas,http://csce.uark.edu/~jgauch,NOSCHOLARPAGE
John M. Hollerbach,University of Utah,http://www.cs.utah.edu/~jmh,41QkAiUAAAAJ
John M. Mellor-Crummey,Rice University,http://www.cs.rice.edu/~johnmc,wX0XpxMAAAAJ
John M. Pecarina,Air Force Institute of Technology,https://apps.dtic.mil/dtic/tr/fulltext/u2/1054676.pdf,NOSCHOLARPAGE
John Mariani,Lancaster University,https://www.lancaster.ac.uk/scc/about-us/people/john-mariani,ke0ClnoAAAAJ
John Mark Bishop,Goldsmiths University of London,https://www.gold.ac.uk/computing/staff/m-bishop,48y80igAAAAJ
John Mark Smotherman,Clemson University,https://people.cs.clemson.edu/~mark,KADbB0cAAAAJ
John McAllister,Queen's University Belfast,https://www.qub.ac.uk/schools/eeecs/Connect/Staff/BusinessCard/?name=jp.mcallister,CZerWWQAAAAJ
John McDonald,DePaul University,http://www.cdm.depaul.edu/about/Pages/People/facultyinfo.aspx?fid=643,NOSCHOLARPAGE
John McDonald 0001,Maynooth University,https://www.maynoothuniversity.ie/faculty-science-engineering/our-people/john-mcdonald,MrI1EV4AAAAJ
John McGregor,Clemson University,https://people.cs.clemson.edu/~johnmc,Tw739kgAAAAJ
John Millar Carroll,Pennsylvania State University,https://jcarroll.ist.psu.edu,7Mg8JZMAAAAJ
John Murphy 0001,University College Dublin,https://people.ucd.ie/j.murphy,hRzqMboAAAAJ
John Murray-Bruce,University of South Florida,https://www.cse.usf.edu/~murraybruce/,lQkw3IoAAAAJ
John Musacchio,Univ. of California - Santa Cruz,https://users.soe.ucsc.edu/~johnm,NOSCHOLARPAGE
John N. Tsitsiklis,Massachusetts Institute of Technology,http://www.mit.edu/~jnt/home.html,bWTPrLEAAAAJ
John O'Donnell,University of Glasgow,http://www.dcs.gla.ac.uk/~jtod,NOSCHOLARPAGE
John O'Donnell 0001,University of Glasgow,http://www.dcs.gla.ac.uk/~jtod,NOSCHOLARPAGE
John P. Collomosse,University of Surrey,http://personal.ee.surrey.ac.uk/Personal/J.Collomosse,yVnCUg0AAAAJ
John P. Conley,Oregon State University,http://eecs.oregonstate.edu/~jconley,Q-LRVgpXOHcC
John P. Hayes,University of Michigan,http://web.eecs.umich.edu/~jhayes,a-qMWpwAAAAJ
John P. Lalor,University of Notre Dame,https://jplalor.github.io/,d7r0R14AAAAJ
John P. Lewis,Victoria University of Wellington,http://ecs.victoria.ac.nz/Main/JohnLewis,wC_k2-4AAAAJ
John P. Steinberger,Tsinghua University,http://iiis.tsinghua.edu.cn/~john,anGaUZEAAAAJ
John Paparrizos,Ohio State University,https://cse.osu.edu/people/paparrizos.1,CmxltbUAAAAJ
John Patrick Hayes,University of Michigan,http://web.eecs.umich.edu/~jhayes,a-qMWpwAAAAJ
John Patrick Lalor,University of Notre Dame,https://jplalor.github.io/,d7r0R14AAAAJ
John Peter Lewis,Victoria University of Wellington,http://ecs.victoria.ac.nz/Main/JohnLewis,wC_k2-4AAAAJ
John Philip Collomosse,University of Surrey,http://personal.ee.surrey.ac.uk/Personal/J.Collomosse,yVnCUg0AAAAJ
John Power,University of Bath,http://www.bath.ac.uk/comp-sci/contacts/academics/john_power,mCvZPDn8heUC
John Q. Gan,University of Essex,https://www.essex.ac.uk/people/ganjo00207/john-gan,reTQcL8AAAAJ
John Quarles,University of Texas at San Antonio,https://sites.google.com/view/johnquarles/home,iM0tD2EAAAAJ
John R. Gilbert,Univ. of California - Santa Barbara,http://www.cs.ucsb.edu/~gilbert,cl7CnNYAAAAJ
John R. Kender,Columbia University,http://www.cs.columbia.edu/~jrk,RBuoCYEAAAAJ
John R. Lange,University of Pittsburgh,https://www.cs.pitt.edu/~jacklange,47I8TqkAAAAJ
John R. Longley,University of Edinburgh,http://www.inf.ed.ac.uk/people/staff/John_Longley.html,NOSCHOLARPAGE
John R. Rose,University of South Carolina,http://www.cse.sc.edu/~rose,NOSCHOLARPAGE
John R. Spletzer,Lehigh University,http://www.cse.lehigh.edu/~spletzer,NOSCHOLARPAGE
John R. Terry,University of Birmingham,https://www.birmingham.ac.uk/staff/profiles/metabolism-systems/Terry-John.aspx,az8zf8EAAAAJ
John Regehr,University of Utah,http://www.cs.utah.edu/~regehr,yCv02hMAAAAJ
John Rogers,DePaul University,http://facweb.cs.depaul.edu/jrogers,NOSCHOLARPAGE
John S. Baras,University of Maryland - College Park,https://www.cs.umd.edu/people/baras,xuguQ60AAAAJ
John S. Crawford,University of Kent,https://www.cs.kent.ac.uk/people/staff/jsc6,6CmLTEwAAAAJ
John S. Heidemann,University of Southern California,https://www.isi.edu/~johnh/,bN_de_QAAAAJ
John Sampson,Pennsylvania State University,http://www.cse.psu.edu/~jms1257,fSQCT0YAAAAJ
John Schneider,Washington State University,http://www.eecs.wsu.edu/~schneidj,osLwYNIAAAAJ
John Shawe-Taylor,University College London,http://www0.cs.ucl.ac.uk/staff/J.Shawe-Taylor,1iE2ykkAAAAJ
John Shepherd,UNSW,http://www.cse.unsw.edu.au/~jas,DvBnii4AAAAJ
John Stavrakakis,University of Sydney,http://sydney.edu.au/engineering/it/about/people/lecturers.shtml,NOSCHOLARPAGE
John Stouby Persson,Aalborg University,http://people.cs.aau.dk/~john,2uofkmkAAAAJ
John T. Minor,University of Nevada Las Vegas,https://www.unlv.edu/people/dr-john-minor,NOSCHOLARPAGE
John T. O'Donnell,University of Glasgow,http://www.dcs.gla.ac.uk/~jtod,NOSCHOLARPAGE
John T. Paxton,Montana State University,https://www.cs.montana.edu/directory/1524459/john-paxton,gkIyoEQAAAAJ
John T. Stasko,Georgia Institute of Technology,http://www.cc.gatech.edu/~john.stasko,2PxFftgAAAAJ
John Tang Boyland,University of Wisconsin - Milwaukee,http://www.cs.uwm.edu/faculty/boyland,I4lFc4IAAAAJ
John Thangarajah,RMIT University,http://john.agentprojects.com,bGu9cEsAAAAJ
John Thomson,University of St Andrews,https://jt.host.cs.st-andrews.ac.uk,NOSCHOLARPAGE
John V. Guttag,Massachusetts Institute of Technology,http://nms.csail.mit.edu/~guttag,NOSCHOLARPAGE
John V. McCanny,Queen's University Belfast,https://www.qub.ac.uk/schools/eeecs/Connect/Staff/BusinessCard/?name=j.mccanny,NOSCHOLARPAGE
John V. Monaco,Naval Postgraduate School,http://www.vmonaco.com,iG64YJUAAAAJ
John Van Rees,University of Manitoba,http://www.cs.umanitoba.ca/~vanrees,NOSCHOLARPAGE
John Vincent McCanny,Queen's University Belfast,https://www.qub.ac.uk/schools/eeecs/Connect/Staff/BusinessCard/?name=j.mccanny,NOSCHOLARPAGE
John Vines,University of Edinburgh,http://www.inf.ed.ac.uk/people/staff/John_Vines.html,rKbvQTkAAAAJ
John W. Byers,Boston University,https://www.cs.bu.edu/~byers,jIp_uw0AAAAJ
John W. Sheppard,Montana State University,https://www.cs.montana.edu/sheppard,H6cL-14AAAAJ
John Waldron,Trinity College Dublin,https://www.tcd.ie/research/profiles/?profile=waldroj,NOSCHOLARPAGE
John Watkins,Wichita State University,https://www.wichita.edu/profiles/academics/engineering/EECS/Watkins-John.php,NOSCHOLARPAGE
John Watrous,University of Waterloo,https://cs.uwaterloo.ca/~watrous,KpCmyMcAAAAJ
John Wawrzynek,Univ. of California - Berkeley,http://www.cs.berkeley.edu/~johnw,NOSCHOLARPAGE
John Williamson 0001,University of Glasgow,http://www.dcs.gla.ac.uk/~jhw,fcvb8f8AAAAJ
John Woods,University of Essex,https://www.essex.ac.uk/people/woods19406/john-woods,BUG90hgAAAAJ
John Wright 0004,Univ. of California - Berkeley,https://people.eecs.berkeley.edu/~jswright/,NOSCHOLARPAGE
John Yannis Goulermas,University of Liverpool,http://pcwww.liv.ac.uk/~goulerma/web_site_files/Yannis_Site/About_Me.html,pYnXjN4AAAAJ
John Yiannis Cotronis,University of Athens,http://www.di.uoa.gr/eng/staff/1022,9IbOFmMAAAAJ
John Zimmerman,Carnegie Mellon University,https://www.cs.cmu.edu/~johnz,A-4JUL4AAAAJ
John-Jules Ch. Meyer,Utrecht University,http://www.staff.science.uu.nl/~meyer101,IZKHw2cAAAAJ
John-Jules Charles Meyer,Utrecht University,http://www.staff.science.uu.nl/~meyer101,IZKHw2cAAAAJ
John-Paul Ore,North Carolina State University,https://jpwco.com,q7jnx5IAAAAJ
Johnathan Mell,University of Central Florida,https://jtmell.com,VoRlLBMAAAAJ
Johnny S. Wong,Iowa State University,http://www.cs.iastate.edu/people/johnny-wong,w3UeCAoAAAAJ
Johnny Wong,Iowa State University,http://www.cs.iastate.edu/people/johnny-wong,w3UeCAoAAAAJ
Johnson Thomas,Oklahoma State University,http://www.cs.okstate.edu/~jpt,pyIZFggAAAAJ
John Marty Emmert,University of Cincinnati,https://researchdirectory.uc.edu/p/emmertj,NOSCHOLARPAGE
Joke Blom,CWI,http://homepages.cwi.nl/~gollum,Za0-ttMAAAAJ
Joke G. Blom,CWI,http://homepages.cwi.nl/~gollum,Za0-ttMAAAAJ
Jon A. Solworth,University of Illinois at Chicago,http://parsys.eecs.uic.edu/~solworth,NOSCHOLARPAGE
Jon Atle Gulla,NTNU,https://www.ntnu.edu/employees/jon.atle.gulla,lq5InSEAAAAJ
Jon B. Weissman,University of Minnesota,http://www-users.cs.umn.edu/~jon,ouY9ypcAAAAJ
Jon Barker,University of Sheffield,https://www.sheffield.ac.uk/dcs/people/academic/jon-barker,-wmRVxoAAAAJ
Jon Bird,University of Bristol,https://research-information.bris.ac.uk/en/persons/jon-bird,iE-i_S4AAAAJ
Jon Chamberlain,University of Essex,https://www.essex.ac.uk/people/chamb94408/jon-chamberlain,JJN-i1cAAAAJ
Jon Crowcroft,University of Cambridge,https://www.cl.cam.ac.uk/~jac22,qnMs-XYAAAAJ
Jon Doyle,North Carolina State University,https://www.csc.ncsu.edu/faculty/doyle,C6DtGmMAAAAJ
Jon E. Froehlich,University of Washington,http://www.cs.umd.edu/~jonf,nExKrpsAAAAJ
Jon Froehlich,University of Washington,http://www.cs.umd.edu/~jonf,nExKrpsAAAAJ
Jon G. Hall,Open University UK,http://stem.open.ac.uk/people/jgh23,Zd3QZkaH0hYJ
Jon G. Rokne,University of Calgary,http://pages.cpsc.ucalgary.ca/~rokne,NOSCHOLARPAGE
Jon Garibaldi,University of Nottingham,https://www.nottingham.ac.uk/computerscience/people/jon.garibaldi,L_9C4v0AAAAJ
Jon M. Kleinberg,Cornell University,https://www.cs.cornell.edu/home/kleinber,VX7d5EQAAAAJ
Jon McCormack,Monash University,http://monash.edu/research/explore/en/persons/jon-mccormack(31d10cfb-858c-4a51-845e-7349899e9696).html,nJDUC6cAAAAJ
Jon P. Barker,University of Sheffield,https://www.sheffield.ac.uk/dcs/people/academic/jon-barker,-wmRVxoAAAAJ
Jon Sporring,University of Copenhagen,http://image.diku.dk/sporring,COP1HUwAAAAJ
Jon Youn,University of Nebraska - Omaha,https://www.cune.edu,NOSCHOLARPAGE
Jonas Almström Duregård,Chalmers/GU,https://www.chalmers.se/en/staff/Pages/jonas-duregard.aspx,NOSCHOLARPAGE
Jonas Fritsch,IT University of Copenhagen,https://pure.itu.dk/portal/da/persons/jonas-fritsch,oj8I51cAAAAJ
Jonas Kuhn,University of Stuttgart,http://www.ims.uni-stuttgart.de/institut/mitarbeiter/jonas,t5vqVEkAAAAJ
Jonas Teuwen,Radboud University,http://diagnijmegen.nl/index.php/Person?name=Jonas_Teuwen,NOSCHOLARPAGE
Jonathan Aldrich,Carnegie Mellon University,http://www.cs.cmu.edu/~./aldrich,AzHmOtcAAAAJ
Jonathan Appavoo,Boston University,http://www.cs.bu.edu/~jappavoo,Z1Kl2REAAAAJ
Jonathan Balkind,Univ. of California - Santa Barbara,https://www.cs.ucsb.edu/people/faculty/balkind,AjNcUw4AAAAJ
Jonathan Barrett,University of Oxford,https://www.cs.ox.ac.uk/people/jonathan.barrett,rZefS0AAAAAJ
Jonathan Bell 0001,Northeastern University,https://www.jonbell.net,eNcYYfoAAAAJ
Jonathan Berant,Tel Aviv University,http://www.cs.tau.ac.il/~joberant,xCYHonIAAAAJ
Jonathan Brumberg,University of Kansas,https://sanlab.ku.edu/jon-brumberg,k3QunHYAAAAJ
Jonathan C. L. Liu,University of Florida,https://www.cise.ufl.edu/~jcliu,NOSCHOLARPAGE
Jonathan Cazalas,King Abdulaziz University,http://kau.cazalas.com,NOSCHOLARPAGE
Jonathan Cook,New Mexico State University,http://www.cs.nmsu.edu/~jcook,gnzW58YAAAAJ
Jonathan D. Ventura,UCCS,http://jventura.net,k0E68OgAAAAJ
Jonathan Dukes,Trinity College Dublin,https://www.scss.tcd.ie/Jonathan.Dukes,NOSCHOLARPAGE
Jonathan E. Fieldsend,University of Exeter,http://emps.exeter.ac.uk/computer-science/staff/jefields,tvV_iQEAAAAJ
Jonathan E. Rowe,University of Birmingham,https://www.birmingham.ac.uk/staff/profiles/computer-science/academic-staff/rowe-jon.aspx,co2yqKoAAAAJ
Jonathan Edward Fieldsend,University of Exeter,http://emps.exeter.ac.uk/computer-science/staff/jefields,tvV_iQEAAAAJ
Jonathan F. Gemmell,DePaul University,http://www.cdm.depaul.edu/about/Pages/People/facultyinfo.aspx?fid=494,RIhZrvIAAAAJ
Jonathan Gaudreault,Université Laval,https://www.ift.ulaval.ca/departement-et-professeurs/professeurs-et-personnel/professeurs-reguliers/fiche/show/gaudreault-jonathan,g7YxejsAAAAJ
Jonathan Gemmell,DePaul University,http://www.cdm.depaul.edu/about/Pages/People/facultyinfo.aspx?fid=494,RIhZrvIAAAAJ
Jonathan H. Huggins,Boston University,http://jhhuggins.org,x1mbRloAAAAJ
Jonathan Herbert Schaeffer,University of Alberta,https://webdocs.cs.ualberta.ca/~jonathan,W6WwvbQAAAAJ
Jonathan I. Maletic,Kent State University,http://www.cs.kent.edu/~jmaletic,n9_W4kYAAAAJ
Jonathan Immanuel Brachthäuser,University of Tübingen,https://se.cs.uni-tuebingen.de/team/brachthaeuser,fv_M9OoAAAAJ
Jonathan K. Kummerfeld,University of Sydney,https://www.jkk.name,OsoNG9AAAAAJ&hl
Jonathan K. Lazar,University of Maryland - College Park,https://ischool.umd.edu/directory/jonathan-lazar/,CDpfbBsAAAAJ
Jonathan Katz,University of Maryland - College Park,https://www.cs.umd.edu/~jkatz,H4rKFc8AAAAJ
Jonathan Kelly,University of Toronto,https://starslab.ca/,KtSR8_0AAAAJ
Jonathan Lazar,University of Maryland - College Park,https://ischool.umd.edu/directory/jonathan-lazar/,CDpfbBsAAAAJ
Jonathan Lee 0004,National Taiwan University,https://www.csie.ntu.edu.tw/~jlee,iYNIPS8AAAAJ
Jonathan Lewis,University of St Andrews,https://jonl.host.cs.st-andrews.ac.uk,NOSCHOLARPAGE
Jonathan M. Garibaldi,University of Nottingham,https://www.nottingham.ac.uk/computerscience/people/jon.garibaldi,L_9C4v0AAAAJ
Jonathan M. Roberts,Queensland University of Technology,https://research.qut.edu.au/qcr/people/jonathan-roberts,1e_R-xoAAAAJ
Jonathan M. Smith,University of Pennsylvania,https://www.cis.upenn.edu/~jms,aF8rREMAAAAJ
Jonathan P. Bollback,IST Austria,https://ist.ac.at/research/research-groups/bollback-group,WWNXoPgAAAAJ
Jonathan P. Whiteley,University of Oxford,https://www.cs.ox.ac.uk/people/jonathan.whiteley,NOSCHOLARPAGE
Jonathan R. Mayer,Princeton University,https://www.cs.princeton.edu/~jrmayer,qRFx7E8AAAAJ
Jonathan R. Ullman,Northeastern University,http://www.ccis.northeastern.edu/people/jonathan-ullman,WfS41RAAAAAJ
Jonathan Ragan-Kelley,Massachusetts Institute of Technology,https://people.eecs.berkeley.edu/~jrk,nBcay4oAAAAJ
Jonathan Richard Shewchuk,Univ. of California - Berkeley,http://www.cs.berkeley.edu/~jrs,R9ZW47sAAAAJ
Jonathan Roberts 0001,Queensland University of Technology,https://research.qut.edu.au/qcr/people/jonathan-roberts,1e_R-xoAAAAJ
Jonathan S. Ostroff,York University,http://eecs.lassonde.yorku.ca/faculty/jonathan-s-ostroff,i2OOMegAAAAJ
Jonathan Scarlett,National University of Singapore,https://www.comp.nus.edu.sg/~scarlett,a4D08aQAAAAJ
Jonathan Schaeffer 0001,University of Alberta,https://webdocs.cs.ualberta.ca/~jonathan,W6WwvbQAAAAJ
Jonathan Sprinkle,Vanderbilt University,https://engineering.vanderbilt.edu/bio/?pid=jonathan-sprinkle,HNJQS0gAAAAJ
Jonathan Sun,University of Southern Mississippi,http://www.cs.usm.edu/~jsun,NOSCHOLARPAGE
Jonathan Ventura,UCCS,http://jventura.net,k0E68OgAAAAJ
Jonathan Walpole,Portland State University,http://web.cecs.pdx.edu/~walpole,-pS6P-oAAAAJ
Jonathan Zittrain,Harvard University,http://hls.harvard.edu/faculty/directory/10992/Zittrain,aWZ0YN4AAAAJ
Jonathon S. Hare,University of Southampton,https://www.ecs.soton.ac.uk/people/jsh2,UFeON5oAAAAJ
Jong Cheol Park,KAIST,http://nlp.kaist.ac.kr,u1XiOgvCXnQC
Jong Chul Ye,KAIST,https://bispl.weebly.com/professor.html,HNMjoNEAAAAJ
Jong Hwan Ko,Sungkyunkwan University,http://iris.skku.edu/,UN_OIs4AAAAJ
Jong Kim 0001,POSTECH,https://hpc.postech.ac.kr/~jkim,6t2VQFwAAAAJ
Jong Taek Lee,Kyungpook National University,https://sites.google.com/view/k-vislab,NZ55Q-AAAAAJ
Jong-Hoon Kim,Kent State University,http://www.atr.cs.kent.edu/people/jong-hoon_kim,FdTOhw0AAAAJ
Jong-Hyeok Lee,POSTECH,http://kle.postech.ac.kr/people/professor,Ly38HXAAAAAJ
Jong-Il Park,Hanyang University,https://mr.hanyang.ac.kr/?page_id=96,NOSCHOLARPAGE
Jong-Seok Lee,Yonsei University,http://mcml.yonsei.ac.kr,YGwwt6cAAAAJ
Jong-eun Lee,UNIST,http://ecl.unist.ac.kr,WDBSYbkAAAAJ
Jongduk Baek,Yonsei University,https://sites.google.com/view/yonsei-medisyslab/members/professor,Cj0ntKwAAAAJ
Jongeun Choi,Yonsei University,https://mlcs.yonsei.ac.kr/,Z-UlU3MAAAAJ
Jongeun Lee,UNIST,http://ecl.unist.ac.kr,WDBSYbkAAAAJ
Jonghyuk Kim,University of Technology Sydney,https://www.uts.edu.au/staff/jonghyuk.kim,58mjI9UAAAAJ
Jonghyun Choi,Yonsei University,http://ppolon.github.io/,uiGWnm4AAAAJ
Jongmoon Baik,KAIST,https://cs.kaist.ac.kr/people/view?idx=371&kind=faculty&menu=170,3kUdJeUAAAAJ
Jongouk Choi,University of Central Florida,https://www.cs.ucf.edu/person/jongouk-choi/,1R1m3poAAAAJ
Jongse Park,KAIST,https://jongse-park.github.io,4Fw2ma4AAAAJ
Jongwoo Lim,Hanyang University,http://cvlab.hanyang.ac.kr/~jwlim,5_uwsGAAAAAJ
Jongwuk Lee,Sungkyunkwan University,https://jongwuklee.weebly.com/,A3V_4fIAAAAJ
Joni-Kristian Kämäräinen,Tampere University,https://www.tuni.fi/en/joni-kamarainen,r6Y4nacAAAAJ
Joohyung Lee 0002,Arizona State University,http://peace.eas.asu.edu,WeqC_-MAAAAJ
Joon Hee Han,POSTECH,http://cvlab.postech.ac.kr/jhhan,_mMeOTgAAAAJ
Joon-Kyung Seong,Korea University,http://brein.korea.ac.kr/lab,Q1owmj0AAAAJ
Joon-Seok Kim,Emory University,https://www.joonseok.org/p/about.html,cAE-vgwAAAAJ
Joonsang Baek,University of Wollongong,https://scholars.uow.edu.au/joonsang-baek,i--A6Y4AAAAJ
Joos C. A. M. Buijs,TU Eindhoven,https://www.tue.nl/en/university/departments/mathematics-and-computer-science/the-department/staff/detail/ep/e/d/ep-uid/20020361,NOSCHOLARPAGE
Joost Batenburg,CWI,https://www.cwi.nl/people/1742,6WpX7xUAAAAJ
Joost Broekens,Leiden University,https://www.universiteitleiden.nl/en/staffmembers/joost-broekens#tab-2,vw2QkREAAAAJ
Joost Vennekens,KU Leuven,https://people.cs.kuleuven.be/~joost.vennekens,MGIgNOoAAAAJ
Joost Visser 0001,Leiden University,https://jstvssr.github.io/,M9bfYFYAAAAJ
Joost-Pieter Katoen,RWTH Aachen University,http://www-i2.informatik.rwth-aachen.de/~katoen,yjjO5_oAAAAJ
Jooyong Lee,UNIST,http://www.jooyongyi.com,oJ9PTZIAAAAJ
Jooyong Yi,UNIST,http://www.jooyongyi.com,oJ9PTZIAAAAJ
Jooyoung Lee 0001,KAIST,https://sites.google.com/site/cryptkaist/home,1bPIg-QAAAAJ
Jop Briët,CWI,http://homepages.cwi.nl/~jop,pWvIuEoAAAAJ
Jordan Aiko Deja,De La Salle University,https://www.dlsu.edu.ph/colleges/ccs/faculty-profile/single/?id=32665770604&command=GETPROFILE,kqH_ERUAAAAJ
Jordan Kodner,Stony Brook University,https://jkodner05.github.io/,hYxTJEcAAAAJ
Jordan L. Boyd-Graber,University of Maryland - College Park,http://www.umiacs.umd.edu/~jbg,BT4XTP4AAAAJ
Jordan Pollack,Brandeis University,http://www.cs.brandeis.edu/~pollack,NOSCHOLARPAGE
Jordi Domingo-Pascual,Polytechnic University of Catalonia,http://personals.ac.upc.edu/jordid,sPD_L5YAAAAJ
Jordi Garcia,Polytechnic University of Catalonia,https://www.facebook.com/public/Jordi-Garcia/school/Polytechnic-University-of-Catalonia-109077209117931,S76yu0YAAAAJ
Jordi Garcia Almiñana,Polytechnic University of Catalonia,http://personals.ac.upc.edu/jordig,S76yu0YAAAAJ
Jordi Guitart,Polytechnic University of Catalonia,https://www.facebook.com/public/Jordi-Guitart/school/Polytechnic-University-of-Catalonia-109077209117931,gq_W4DwAAAAJ
Jordi Perello Muntan,Polytechnic University of Catalonia,http://people.ccaba.upc.edu/perello,N3Xy7m0AAAAJ
Jordi Torres,Polytechnic University of Catalonia,https://www.facebook.com/public/Jordi-Torres-Sanchez/school/Polytechnic-University-of-Catalonia-109077209117931,waODsw0AAAAJ
Jorge A. Baier,Pontificia Universidad Catolica de Chile,https://www.ing.uc.cl/academicos-e-investigadores/jorge-antonio-baier-ortiz/,7S6RcTYAAAAJ
Jorge A. Sánchez,Universidad Nacional de Córdoba,https://www.famaf.unc.edu.ar/~jsanchez,XV4_wlwAAAAJ
Jorge Alejandro Villalobos,Universidad de los Andes,https://profesores.virtual.uniandes.edu.co/jvillalo/es/inicio,6pj6oSUAAAAJ
Jorge Arturo Cobb,University of Texas at Dallas,http://www.utdallas.edu/~jcobb,NOSCHOLARPAGE
Jorge C. Lucero,Universidade de Brasília,http://cic.unb.br/~lucero,YRGc9WwAAAAJ
Jorge Cruz 0001,Universidade NOVA de Lisboa,http://nova-lincs.di.fct.unl.pt/person/187,ENwGNokAAAAJ
Jorge Curiel-Esparza,TU Munich,https://www7.in.tum.de/~esparza,iyM7fFgAAAAJ
Jorge Duitama,Universidad de los Andes,https://profesores.virtual.uniandes.edu.co/jaduitama/es/inicio,hQq44SkAAAAJ
Jorge Fandinno,University of Nebraska - Omaha,https://www.unomaha.edu/college-of-information-science-and-technology/about/faculty-staff/jorge-fandinno.php,XhtqQoYAAAAJ
Jorge Fernandes,Universidade de Lisboa,http://fcsh.unl.pt/faculdade/docentes/pfernandes,DGDFIzgAAAAJ
Jorge Garcia Vidal,Polytechnic University of Catalonia,http://people.ac.upc.edu/jorge,NOSCHOLARPAGE
Jorge Gonçalves 0001,University of Melbourne,http://www.jorgegoncalves.com,SkQ6OisAAAAJ
Jorge Graña,University of A Coruña,https://pdi.udc.es/en/File/Pdi/WY69E,NOSCHOLARPAGE
Jorge Graña Gil,University of A Coruña,https://pdi.udc.es/en/File/Pdi/WY69E,NOSCHOLARPAGE
Jorge Marx Gómez,University of Oldenburg,https://uol.de/jorge-marx-gomez,NOSCHOLARPAGE
Jorge Munoz-Gama,Pontificia Universidad Catolica de Chile,https://haplab.org/team/jorge/,3Og-qpwAAAAJ
Jorge Novo,University of A Coruña,http://www.varpa.es/~jnovo,6mRipmwAAAAJ
Jorge Novo Buján,University of A Coruña,http://www.varpa.es/~jnovo,6mRipmwAAAAJ
Jorge Pérez 0001,Universidad de Chile,https://users.dcc.uchile.cl/~jperez,a6lUuiwAAAAJ
Jorge S. Marques,Universidade de Lisboa,http://users.isr.ist.utl.pt/~jsm,8Vwg-7sAAAAJ
Jorge Stolfi,UNICAMP,https://twitter.com/jorgestolfi?lang=en,mLo7gCEAAAAJ
Jorge Sánchez 0002,Universidad Nacional de Córdoba,https://www.famaf.unc.edu.ar/~jsanchez,XV4_wlwAAAAJ
Jorge Villalobos,Universidad de los Andes,https://profesores.virtual.uniandes.edu.co/jvillalo/es/inicio,6pj6oSUAAAAJ
Jorgen P. Bansler,University of Copenhagen,http://diku.dk/Ansatte/beskrivelse/?id=160232,YuHIy0IAAAAJ
Joris M. Mooij,University of Amsterdam,https://staff.fnwi.uva.nl/j.m.mooij,Td3_kIwAAAAJ
Jos Roerdink,University of Groningen,https://www.rug.nl/staff/j.b.t.m.roerdink,jCFYHlkAAAAJ
Jos Uiterwijk,Maastricht University,https://dke.maastrichtuniversity.nl/jos.uiterwijk,qK2Jwm0AAAAJ
Jos W. H. M. Uiterwijk,Maastricht University,https://dke.maastrichtuniversity.nl/jos.uiterwijk,qK2Jwm0AAAAJ
Joschka Boedecker,University of Freiburg,https://nr.informatik.uni-freiburg.de/people/joschka-boedecker,2mv2dDkAAAAJ
Joschka Bödecker,University of Freiburg,https://nr.informatik.uni-freiburg.de/people/joschka-boedecker,2mv2dDkAAAAJ
Jose A. Perea,Northeastern University,https://www.joperea.com,XSTHhuQAAAAJ
Jose Dolz,ETS Montreal,https://www.etsmtl.ca/Professeurs/jdolz,yHQIFFMAAAAJ
Jose Gustavo Paiva,UFU,http://www.facom.ufu.br/~jgustavo,k0MT90YAAAAJ
Jose Gustavo de Souza Paiva,UFU,http://www.facom.ufu.br/~jgustavo,k0MT90YAAAAJ
Jose Joaquin Garcia-Luna-Aceves,Univ. of California - Santa Cruz,https://www.soe.ucsc.edu/people/jj,wLtmXGQAAAAJ
Jose Lugo-Martinez,Carnegie Mellon University,https://jlugomar.github.io/,7Zf_LXIAAAAJ
Jose M. Carmena,Univ. of California - Berkeley,https://www2.eecs.berkeley.edu/Faculty/Homepages/carmena.html,yTIIzd0AAAAJ
Jose M. Such,King's College London,https://www.kcl.ac.uk/people/jose-such,xNr_IMUAAAAJ
Jose María Cela-Espín,Polytechnic University of Catalonia,https://www.bsc.es/about-bsc/staff-directory/cela-espin-jose-maria,QJWbGSEAAAAJ
Jose Miguel Such,King's College London,https://www.kcl.ac.uk/people/jose-such,xNr_IMUAAAAJ
Jose Nagib Cotrim Árabe,UFMG,http://homepages.dcc.ufmg.br/~arabe,NOSCHOLARPAGE
Jose Renau,Univ. of California - Santa Cruz,https://users.soe.ucsc.edu/~renau,-uHod_AAAAAJ
Jose T. Palma,University of Murcia,http://perseo.inf.um.es/~jpalma/doku.php?id=start,-9qJXSoAAAAJ
Jose T. de Sousa,Universidade de Lisboa,https://orcid.org/0000-0001-7525-7546,ai6ekBAAAAAJ
Josef Börcsök,University of Kassel,https://www.uni-kassel.de/eecs/fachgebiete/icas/fachgebiet/fachgebietsleiter.html,NOSCHOLARPAGE
Josef Ingenerf,University of Lübeck,http://www.imi.uni-luebeck.de/de/~ingenerf,rXUpYSsAAAAJ
Josef Kittler,University of Surrey,https://www.surrey.ac.uk/people/josef-kittler,pk-yb_kAAAAJ
Josef Küng,JKU Linz,https://www.jku.at/en/faw/about-us/team/josef-kueng,uy1d_7wAAAAJ
Josef Pauli,University of Duisburg-Essen,http://www.is.uni-due.de/en/chair/mitarbeiter/prof_josef_pauli,NOSCHOLARPAGE
Josef Scharinger,JKU Linz,https://www.jku.at/en/institute-of-computational-perception/about-us/people/josef-scharinger,DSgdJYwAAAAJ
Josef Sivic,Czech Technical University,http://www.di.ens.fr/~josef,NCtKHnQAAAAJ
Josef Wideström,Chalmers/GU,https://www.chalmers.se/en/staff/Pages/josef-widestrom.aspx,NOSCHOLARPAGE
Josef van Genabith,Saarland University,https://www.dfki.de/web/ueber-uns/mitarbeiter/person/jova02,rl8S6a8AAAAJ
Josep Ramon Morros,Polytechnic University of Catalonia,https://imatge.upc.edu/web/people/josep-ramon-morros,Eh5V620AAAAJ
Josep Solé-Pareta,Polytechnic University of Catalonia,http://www.archive.es.aau.dk/dk/es-news-single-view/artikel/guest-lecture-by-prof-josep-sole-pareta-universitat-politecnica-de-catalunya-upc-spain,NOSCHOLARPAGE
Josep Torrellas,Univ. of Illinois at Urbana-Champaign,http://iacoma.cs.uiuc.edu/josep/torrellas.html,zdnAkgsAAAAJ
Josep-Lluis Larriba-Pey,Polytechnic University of Catalonia,https://www.dama.upc.edu/en/the-team/Larridni.jpg/view,NOSCHOLARPAGE
Joseph (Seffi) Naor,Technion,http://www.cs.technion.ac.il/~naor,xGbDr7YAAAAJ
Joseph A. Konstan,University of Minnesota,http://konstan.umn.edu,PH4mytYAAAAJ
Joseph Austerweil,University of Wisconsin - Madison,http://alab.psych.wisc.edu,Jrn-jxQAAAAJ
Joseph B. Evans,University of Kansas,https://www.ittc.ku.edu/~evans,wASXJvIAAAAJ
Joseph Beck,Worcester Polytechnic Institute,http://www.wpi.edu/academics/facultydir/jb7.html,-9kTKhMAAAAJ
Joseph Bonneau,New York University,http://jbonneau.com,Ko1bXSkAAAAJ
Joseph Boutros,Texas A&M at Qatar,http://www.josephboutros.org,lyjl3nMAAAAJ
Joseph Camp,Southern Methodist University,http://lyle.smu.edu/~camp,xe2AIQkAAAAJ
Joseph David Camp,Southern Methodist University,http://lyle.smu.edu/~camp,xe2AIQkAAAAJ
Joseph Devietti,University of Pennsylvania,https://www.cis.upenn.edu/~devietti,0o1C8ykAAAAJ
Joseph E. Beck,Worcester Polytechnic Institute,http://www.wpi.edu/academics/facultydir/jb7.html,-9kTKhMAAAAJ
Joseph E. Gonzalez,Univ. of California - Berkeley,http://www.cs.berkeley.edu/~jegonzal,gM2WW9UAAAAJ
Joseph E. Michaelis,University of Illinois at Chicago,https://cs.uic.edu/profiles/michaelis-joseph,4eFjSTIAAAAJ
Joseph Finney,Lancaster University,https://www.lancaster.ac.uk/scc/about-us/people/joe-finney,BVXKqI0AAAAJ
Joseph G. Davis,University of Sydney,http://www.cs.usyd.edu.au/~jdavis,XgG4TisAAAAJ
Joseph G. Peters,Simon Fraser University,http://www.sfu.ca/computing/people/faculty/JosephPeters.html,1CskssoAAAAJ
Joseph Gil,Technion,http://www.cs.technion.ac.il/~yogi,NOSCHOLARPAGE
Joseph Hallett,University of Bristol,https://research-information.bris.ac.uk/en/persons/joseph-hallett,oKKh88YAAAAJ
Joseph Hummel,University of Illinois at Chicago,https://www.cs.uic.edu/~jhummel,NOSCHOLARPAGE
Joseph Izraelevitz,University of Colorado Boulder,https://www.colorado.edu/faculty/izraelevitz,CtQUnFUAAAAJ
Joseph J. Boutros,Texas A&M at Qatar,http://www.josephboutros.org,lyjl3nMAAAAJ
Joseph J. DiStefano III,Univ. of California - Los Angeles,http://www.cs.ucla.edu/joseph-distefano-iii,NOSCHOLARPAGE
Joseph J. LaViola,University of Central Florida,https://www.cs.ucf.edu/~jjl,kXZaMu8AAAAJ
Joseph J. LaViola Jr.,University of Central Florida,https://www.cs.ucf.edu/~jjl,kXZaMu8AAAAJ
Joseph J. Lim,KAIST,https://www.clvrai.com,jTnQTBoAAAAJ
Joseph Jaeger,Georgia Institute of Technology,https://faculty.cc.gatech.edu/~josephjaeger/,r9K3MQwAAAAJ
Joseph Jay Williams,University of Toronto,http://www.josephjaywilliams.com,Gdow0U4AAAAJ
Joseph Jean Boutros,Texas A&M at Qatar,http://www.josephboutros.org,lyjl3nMAAAAJ
Joseph K. Kearney,University of Iowa,http://homepage.cs.uiowa.edu/~kearney,wKC0dwcAAAAJ
Joseph K. Liu,Monash University,http://users.monash.edu.au/~kailiu,GGe9ON8AAAAJ
Joseph Kee-Yin Ng,Hong Kong Baptist University,http://www.comp.hkbu.edu.hk/~jng,NOSCHOLARPAGE
Joseph Keshet,Technion,https://keshet.net.technion.ac.il,GoWgJ1AAAAAJ
Joseph M. Hellerstein,Univ. of California - Berkeley,http://citris-uc.org/person/professor-joseph-hellerstein,uFJi3IUAAAAJ
Joseph Maguire,University of Glasgow,http://www.josephmaguire.co.uk,NOSCHOLARPAGE
Joseph Mihaljevic,Northern Arizona University,https://nau.edu/siccs/faculty,pRvNhbAAAAAJ
Joseph N. Wilson,University of Florida,http://www.cise.ufl.edu/~jnw/test,BJAXIbQAAAAJ
Joseph Naor,Technion,http://www.cs.technion.ac.il/~naor,xGbDr7YAAAAJ
Joseph P. Near,University of Vermont,https://www.uvm.edu/~jnear,v8JEPFgAAAAJ
Joseph Pasquale,Univ. of California - San Diego,https://cseweb.ucsd.edu/~pasquale,8lkdGgsAAAAJ
Joseph Peters,Simon Fraser University,http://www.sfu.ca/computing/people/faculty/JosephPeters.html,1CskssoAAAAJ
Joseph R. Cavallaro,Rice University,http://cavallaro.rice.edu,yi-l0zkAAAAJ
Joseph S. Sventek,University of Oregon,https://www.cs.uoregon.edu/People/Faculty/Joe_Sventek.php,U_VRZucAAAAJ
Joseph Seering,KAIST,https://joseph.seering.org/,FUWKkd0AAAAJ
Joseph T. Kider Jr.,University of Central Florida,https://www.josephkider.com,uQxgKlwAAAAJ
Joseph Tassarotti,New York University,https://cs.nyu.edu/~jt4767/,zNvgsXAAAAAJ
Joseph W. H. Liu,York University,http://eecs.lassonde.yorku.ca/faculty/joseph-w-h-liu,NOSCHOLARPAGE
Joseph W. Malloch,Dalhousie University,https://www.dal.ca/faculty/computerscience/faculty-staff/joseph-malloch.html,iQa0leoAAAAJ
Joseph W. Spencer,University of Liverpool,https://liverpool.ac.uk/electrical-engineering-and-electronics/staff/joseph-spencer,NOSCHOLARPAGE
Joseph Walton-Rivers,University of Essex,https://www.essex.ac.uk/people/walto64102/joseph-walton-rivers,wi9Z2rAAAAAJ
Joseph Y. Halpern,Cornell University,https://www.cs.cornell.edu/home/halpern,FsBCAfgAAAAJ
Joseph Y.-T. Leung,NJIT,https://web.njit.edu/~leung,NOSCHOLARPAGE
Joseph Yossi Gil,Technion,http://www.cs.technion.ac.il/~yogi,NOSCHOLARPAGE
Josh Alman,Columbia University,http://joshalman.com/,yyDMlesAAAAJ
Josh Bongard,University of Vermont,http://www.cs.uvm.edu/~jbongard,Dj-kPasAAAAJ
Josh C. Bongard,University of Vermont,http://www.cs.uvm.edu/~jbongard,Dj-kPasAAAAJ
Josh Dehlinger,Towson University,https://www.towson.edu/fcsm/departments/computerinfosci/facultystaff/jdehlinger.html,cT_f9fkAAAAJ
Josh McCoy,Univ. of California - Davis,https://faculty.engineering.ucdavis.edu/mccoy,pdSgBVQAAAAJ
Josh Murphy,King's College London,https://www.kcl.ac.uk/people/josh-murphy,ao4psAsAAAAJ
Josh Reiss,Queen Mary University of London,http://www.eecs.qmul.ac.uk/~josh,fVlS_EgAAAAJ
Joshua A. Grochow,University of Colorado Boulder,http://www.cs.colorado.edu/~jgrochow,CigslP0AAAAJ
Joshua A. Kroll,Naval Postgraduate School,https://www.jkroll.com,aFhtrsEAAAAJ
Joshua A. Levine,University of Arizona,https://jalevine.bitbucket.io,eYA1nLIAAAAJ
Joshua Allen McCoy,Univ. of California - Davis,https://faculty.engineering.ucdavis.edu/mccoy,pdSgBVQAAAAJ
Joshua Clifford Bongard,University of Vermont,http://www.cs.uvm.edu/~jbongard,Dj-kPasAAAAJ
Joshua D. Guttman,Worcester Polytechnic Institute,http://www.cs.wpi.edu/~guttman,UgTnZDwAAAAJ
Joshua D. Reiss,Queen Mary University of London,http://www.eecs.qmul.ac.uk/~josh,fVlS_EgAAAAJ
Joshua E. Siegel,Michigan State University,http://www.siegelautomation.com,Y7530HwAAAAJ
Joshua Ellul,University of Malta,http://staff.um.edu.mt/joshua.ellul,U757tgQAAAAJ
Joshua Eric Siegel,Michigan State University,http://www.siegelautomation.com,Y7530HwAAAAJ
Joshua G. Tanenbaum,Univ. of California - Irvine,http://josh.thegeekmovement.com,rRJ9wTJMUB8C
Joshua Gancher,Northeastern University,https://gancher.dev/,NOSCHOLARPAGE
Joshua Garcia,Univ. of California - Irvine,https://jgarcia.ics.uci.edu,lG-CdHEAAAAJ
Joshua I. Glaser,Northwestern University,https://glaserlab.github.io/,tbfWCDgAAAAJ
Joshua J. Daymude,Arizona State University,https://search.asu.edu/profile/1903590,CQNOJjgAAAAJ
Joshua McCoy,Univ. of California - Davis,https://faculty.engineering.ucdavis.edu/mccoy,pdSgBVQAAAAJ
Joshua R. Smith 0001,University of Washington,https://sensor.cs.washington.edu/,LnAus20AAAAJ
Joshua Reynolds,New Mexico State University,https://cv.jeyrey.net,KTra7PMAAAAJ
Joshua San Miguel,University of Wisconsin - Madison,http://jsm.ece.wisc.edu,ljErD0gAAAAJ
Joshua Siegel,Michigan State University,http://www.siegelautomation.com,Y7530HwAAAAJ
Joshua T. Vogelstein,Johns Hopkins University,https://www.bme.jhu.edu/faculty_staff/joshua-t-vogelstein-phd,DWPfdT4AAAAJ
Josiah Chavula,University of Cape Town,https://josiahchavula.com,jScKDq8AAAAJ
Josiah D. Hester,Georgia Institute of Technology,http://josiahhester.com/cv,EMYV8cEAAAAJ
Josiah Hanna,University of Wisconsin - Madison,https://www.cs.wisc.edu/staff/hanna-josiah,1iq4-MwAAAAJ
Josiah P. Hanna,University of Wisconsin - Madison,https://www.cs.wisc.edu/staff/hanna-josiah,1iq4-MwAAAAJ
Josiah Poon,University of Sydney,http://sydney.edu.au/engineering/people/josiah.poon.php,Q7U0O0gAAAAJ
Josva Kleist,Aalborg University,http://personprofil.aau.dk/104832?lang=en,NOSCHOLARPAGE
José A. B. Fortes,University of Florida,https://www.acis.ufl.edu/people/fortes,NOSCHOLARPAGE
José A. B. Gerald,Universidade de Lisboa,http://ieeexplore.ieee.org/document/7845358,NOSCHOLARPAGE
José A. Ramos,Nova Southeastern University,https://cec.nova.edu/faculty/ramos-jose.html,NOSCHOLARPAGE
José A. S. Monteiro,UFPE,http://www.di.ufpe.br/~suruagy,xCIQf-QAAAAJ
José Alberto R. P. Sardinha,Universidade de Lisboa,http://web.ist.utl.pt/ist25149/Publications.html,NOSCHOLARPAGE
José Alberto Rodrigues Pereira Sardinha,Universidade de Lisboa,http://web.ist.utl.pt/ist25149/Publications.html,NOSCHOLARPAGE
José Antonio Becerra,University of A Coruña,https://pdi.udc.es/es/File/Pdi/EU69E,QTPUBioAAAAJ
José Antonio Becerra Permuy,University of A Coruña,https://pdi.udc.es/es/File/Pdi/EU69E,QTPUBioAAAAJ
José António Beltran Gerald,Universidade de Lisboa,http://ieeexplore.ieee.org/document/7845358,NOSCHOLARPAGE
José Augusto Suruagy Monteiro,UFPE,http://www.di.ufpe.br/~suruagy,xCIQf-QAAAAJ
José Bento 0001,Boston College,http://www.jbento.net,8K6Z0lEAAAAJ
José Bento Ayres Pereira,Boston College,http://www.jbento.net,8K6Z0lEAAAAJ
José C. Monteiro,Universidade de Lisboa,http://algos.inesc-id.pt/~jcm,tkeh3OAAAAAJ
José Camacho-Collados,Cardiff University,https://www.cardiff.ac.uk/people/view/1178085-camacho-collados-jose,NP4KdQQAAAAJ
José Carlos Alves Pereira Monteiro,Universidade de Lisboa,http://algos.inesc-id.pt/~jcm,tkeh3OAAAAAJ
José Carlos Dafonte Vázquez,University of A Coruña,https://pdi.udc.es/en/File/Pdi/9K9AF,plU2iAkAAAAJ
José Dolz,ETS Montreal,https://www.etsmtl.ca/Professeurs/jdolz,yHQIFFMAAAAJ
José Elias C. Arroyo,Universidade Federal de Viçosa,http://www.dpi.ufv.br/~jarroyo,4Z4noW4AAAAJ
José Elias Claudio Arroyo,Universidade Federal de Viçosa,http://www.dpi.ufv.br/~jarroyo,4Z4noW4AAAAJ
José Elías C. Arroyo,Universidade Federal de Viçosa,http://www.dpi.ufv.br/~jarroyo,4Z4noW4AAAAJ
José F. Martínez,Cornell University,http://www.csl.cornell.edu/~martinez,f1CZknQAAAAJ
José F. Morales,IMDEA Software Institute,http://software.imdea.org/people/josef.morales,DZOdfUIAAAAJ
José F. Rodrigues Jr.,USP-ICMC,http://conteudo.icmc.usp.br/pessoas/junio/Site/index.htm,2ekgPGkAAAAJ
José Fernando Alves da Silva,Universidade de Lisboa,https://fenix.tecnico.ulisboa.pt/downloadFile/1126518382134006/fernandos.html,NOSCHOLARPAGE
José Fernando Rodrigues Jr.,USP-ICMC,http://conteudo.icmc.usp.br/pessoas/junio/Site/index.htm,2ekgPGkAAAAJ
José Fernando Silva,Universidade de Lisboa,https://fenix.tecnico.ulisboa.pt/downloadFile/1126518382134006/fernandos.html,NOSCHOLARPAGE
José Ferreira de Rezende,UFRJ,http://www.cos.ufrj.br/index.php/pt-BR/pessoas/details/18/2306-rezende,G6UXKicAAAAJ
José Fragoso Santos,Universidade de Lisboa,http://web.ist.utl.pt/jose.fragoso/,5buWYbcAAAAJ
José Francisco Morales,IMDEA Software Institute,http://software.imdea.org/people/josef.morales,DZOdfUIAAAAJ
José G. Delgado-Frias,Washington State University,http://www.eecs.wsu.edu/~jdelgado,NOSCHOLARPAGE
José Gustavo de Souza Paiva,UFU,http://www.facom.ufu.br/~jgustavo,k0MT90YAAAAJ
José Júlio Alferes,Universidade NOVA de Lisboa,https://userweb.fct.unl.pt//~jja,_AAJe1sAAAAJ
José L. Abellán,University of Murcia,https://sites.google.com/view/jlabellan/,pvuLntsAAAAJ
José Legatheaux Martins,Universidade NOVA de Lisboa,http://legatheaux.eu,jWrKqacAAAAJ
José Losada,University of A Coruña,https://pdi.udc.es/en/File/Pdi/DJ5HF,NOSCHOLARPAGE
José Luis Abellán Miguel,University of Murcia,https://sites.google.com/view/jlabellan/,pvuLntsAAAAJ
José Luis Borbinha,Universidade de Lisboa,http://joslusborbinha.cgpublisher.com/product/pub.222/prod.27,NOSCHOLARPAGE
José Luis Brinquete Borbinha,Universidade de Lisboa,http://joslusborbinha.cgpublisher.com/product/pub.222/prod.27,NOSCHOLARPAGE
José Luis Rojo-Álvarez,Universidad Rey Juan Carlos,https://gestion2.urjc.es/pdi/ver/joseluis.rojo,KaBeaJwAAAAJ
José M. Barceló,Polytechnic University of Catalonia,http://compnet.ac.upc.edu/intranet/?q=node/169,NOSCHOLARPAGE
José M. Barceló-Ordinas,Polytechnic University of Catalonia,http://compnet.ac.upc.edu/intranet/?q=node/169,NOSCHOLARPAGE
José M. Cela,Polytechnic University of Catalonia,https://www.bsc.es/about-bsc/staff-directory/cela-espin-jose-maria,QJWbGSEAAAAJ
José M. García 0001,University of Murcia,http://webs.um.es/jmgarcia/miwiki/doku.php,QzRE5OIAAAAJ
José M. Juarez,University of Murcia,http://webs.um.es/jmjuarez,cCDpQu4AAAAJ
José M. Llabería,Polytechnic University of Catalonia,https://www.ac.upc.edu/en/content/llaberia,NOSCHOLARPAGE
José M. Tribolet,Universidade de Lisboa,https://fenix.tecnico.ulisboa.pt/homepage/ist10876,dzslQ5MAAAAJ
José M. Vidal,University of South Carolina,http://jmvidal.cse.sc.edu,pKs-384AAAAJ
José Manuel Cadenas,University of Murcia,http://www.diic.um.es/~jcadenas,GPMpqNkAAAAJ
José Manuel García Carrasco,University of Murcia,http://webs.um.es/jmgarcia/miwiki/doku.php,QzRE5OIAAAAJ
José Manuel Vázquez-Naya,University of A Coruña,https://pdi.udc.es/es/File/Pdi/HE9JF,4RFnlZ0AAAAJ
José Marcos S. Nogueira,UFMG,http://homepages.dcc.ufmg.br/~jmarcos,SmuqzcYAAAAJ
José Marcos Silva Nogueira,UFMG,http://homepages.dcc.ufmg.br/~jmarcos,SmuqzcYAAAAJ
José Maria Barceló-Ordinas,Polytechnic University of Catalonia,http://compnet.ac.upc.edu/intranet/?q=node/169,NOSCHOLARPAGE
José María Cela,Polytechnic University of Catalonia,https://www.bsc.es/about-bsc/staff-directory/cela-espin-jose-maria,QJWbGSEAAAAJ
José María Llabería,Polytechnic University of Catalonia,https://www.ac.upc.edu/en/content/llaberia,NOSCHOLARPAGE
José Mennesson,CRIStAL,https://www.cristal.univ-lille.fr/profil/mennesso,GZUxAm4AAAAJ
José Meseguer 0001,Univ. of Illinois at Urbana-Champaign,http://formal.cs.illinois.edu/meseguer,KZFo7ZkAAAAJ
José Miguel Hernández-Lobato,University of Cambridge,http://jmhl.org,BEBccCQAAAAJ
José Monteiro 0001,Universidade de Lisboa,http://algos.inesc-id.pt/~jcm,tkeh3OAAAAAJ
José N. Amaral,University of Alberta,https://webdocs.cs.ualberta.ca/~amaral,NOSCHOLARPAGE
José Nelson Amaral,University of Alberta,https://webdocs.cs.ualberta.ca/~amaral,NOSCHOLARPAGE
José Nicoletti Junior,UFRGS,https://www.inf.ufrgs.br/site/docente/jose-nicoletti-junior,NOSCHOLARPAGE
José Oramas,University of Antwerp,https://www.uantwerpen.be/en/staff/jose-oramas,FurBYlUAAAAJ
José Oramas M.,University of Antwerp,https://www.uantwerpen.be/en/staff/jose-oramas,FurBYlUAAAAJ
José Oramas Mogrovejo,University of Antwerp,https://www.uantwerpen.be/en/staff/jose-oramas,FurBYlUAAAAJ
José Palazzo M. de Oliveira,UFRGS,http://www.inf.ufrgs.br/~palazzo,8Xw1b6oAAAAJ
José Palazzo Moreira de Oliveira,UFRGS,http://www.inf.ufrgs.br/~palazzo,8Xw1b6oAAAAJ
José R. A. Torreão,UFF,http://www2.ic.uff.br/~jrat,NOSCHOLARPAGE
José R. Herrero,Polytechnic University of Catalonia,http://people.ac.upc.edu/josepr,Oh_8yhkAAAAJ
José R. Paramá,University of A Coruña,https://lbd.udc.es/ShowResearcherInformation.do?id=4,IPUq99gAAAAJ
José Ramon Herrero,Polytechnic University of Catalonia,http://people.ac.upc.edu/josepr,Oh_8yhkAAAAJ
José Rodrigo Azambuja,UFRGS,https://www.inf.ufrgs.br/site/docente/jose-rodrigo-furlanetto-de-azambuja,3RnxuDUAAAAJ
José Rouco,University of A Coruña,https://pdi.udc.es/en/File/Pdi/TF32G,t0sZV6AAAAAJ
José Rouillard,CRIStAL,http://www.cristal.univ-lille.fr/~rouillar,G7AtV2oAAAAJ
José Rufino,Universidade de Lisboa,https://ciencias.ulisboa.pt/perfil/jmrufino,phen2ukAAAAJ
José Santos Reyes,University of A Coruña,https://www.dc.fi.udc.es/ai/~santos,NOSCHOLARPAGE
José Santos-Victor,Universidade de Lisboa,http://users.isr.ist.utl.pt/~jasv,ZMuNAXQAAAAJ
José T. Hernández,Universidad de los Andes,http://imagine.uniandes.edu.co,-gUUc7oAAAAJ
José Tiberio Hernández,Universidad de los Andes,http://imagine.uniandes.edu.co,-gUUc7oAAAAJ
José Tiberio Hernández Peñaloza,Universidad de los Andes,http://imagine.uniandes.edu.co,-gUUc7oAAAAJ
José Tribolet,Universidade de Lisboa,https://fenix.tecnico.ulisboa.pt/homepage/ist10876,dzslQ5MAAAAJ
José Valdeni de Lima,UFRGS,https://www.inf.ufrgs.br/site/docente/jose-valdeni-de-lima,0ROMJ0YAAAAJ
José Viterbo,UFF,http://www.ic.uff.br/index.php/en-GB/people/317-faculty-ic?docente=36,twAYAPsAAAAJ
José Viterbo Filho,UFF,http://www.ic.uff.br/index.php/en-GB/people/317-faculty-ic?docente=36,twAYAPsAAAAJ
Jouko Lampinen,Aalto University,https://people.aalto.fi/new/jouko.lampinen,Hk0Q8TkAAAAJ
Joxan Jaffar,National University of Singapore,https://www.comp.nus.edu.sg/~joxan,TElUKBYAAAAJ
Joy Arulraj,Georgia Institute of Technology,https://www.cc.gatech.edu/~jarulraj,rp8dOfAAAAAJ
Joy Dutta,KIIT Bhubaneswar,https://cse.kiit.ac.in/profiles/joy-dutta/,Mzs5Bx4AAAAJ
Joyce C. Ho,Emory University,https://joyceho.github.io,DrUBb5sAAAAJ
Joyce Chai,University of Michigan,https://web.eecs.umich.edu/~chaijy,9BXK9HwAAAAJ
Joyce Jiyoung Whang,KAIST,http://bdi-lab.kaist.ac.kr,TLrKglQAAAAJ
Joyce Y. Chai,University of Michigan,https://web.eecs.umich.edu/~chaijy,9BXK9HwAAAAJ
Joyce Yue Chai,University of Michigan,https://web.eecs.umich.edu/~chaijy,9BXK9HwAAAAJ
Joydeep Biswas,University of Texas at Austin,https://joydeepb.com,f28F1YUAAAAJ
Joydeep Chandra,IIT Patna,https://iitp.ac.in/index.php/departments/computer-center/people/head/705-dr-joydeep-chandra.html,_MaLUpIAAAAJ
Joyram Chakraborty,Towson University,https://www.towson.edu/fcsm/departments/computerinfosci/facultystaff/jchakraborty.html,f2xPyYoAAAAJ
Jozef Gruska,Masaryk University,https://www.muni.cz/en/people/3026,NOSCHOLARPAGE
Jozef Hooman,Radboud University,http://www.cs.ru.nl/~hooman,1n90LpsAAAAJ
Jozef Pieprzyk,IPI PAN,https://ipipan.waw.pl/instytut/pracownicy/jozef-pieprzyk,fTkTBxcAAAAJ
Jozsef Csicsvari,IST Austria,https://ist.ac.at/research/research-groups/csicsvari-group,NOSCHOLARPAGE
João Alexandre Leite,Universidade NOVA de Lisboa,https://userweb.fct.unl.pt//~jleite,ReF98QcAAAAJ
João Araújo 0001,Universidade NOVA de Lisboa,https://docentes.fct.unl.pt/p191,tP9cyo0AAAAJ
João Barreto 0001,Universidade de Lisboa,http://www.ics.ul.pt/instituto/?ln=e&pid=232&mm=5&ctmid=2&mnid=1&doc=31809901190,NOSCHOLARPAGE
João Batista Neto,USP-ICMC,http://conteudo.icmc.usp.br/pessoas/jbatista,NOSCHOLARPAGE
João Bimbo,Universidade de Lisboa,https://ciencias.ulisboa.pt/perfil/jmbimbo,jjX9JIQAAAAJ
João Coelho Garcia,Universidade de Lisboa,http://www.gsd.inesc-id.pt/~jog,hYb5gDYAAAAJ
João Comba,UFRGS,http://www.inf.ufrgs.br/~comba,jyeX-1sAAAAJ
João Costa Seco,Universidade NOVA de Lisboa,https://docentes.fct.unl.pt/jrcs,EPFxA8YAAAAJ
João Dias,Universidade de Lisboa,https://pt-br.facebook.com/public/Joao-Dias/school/fac.ciencias.ul,NOSCHOLARPAGE
João Dias Pereira,Universidade de Lisboa,http://ihc.fcsh.unl.pt/pt/ihc/investigadores/item/1161-jdpereira,IREJZj4AAAAJ
João Eduardo Ferreira,USP,http://www.ime.usp.br/~jef,wR2O6I0AAAAJ
João F. Ferreira 0001,Universidade de Lisboa,https://joaoff.com,WurhenEAAAAJ
João Fernando Ferreira,Universidade de Lisboa,https://joaoff.com,WurhenEAAAAJ
João Garcia 0001,Universidade de Lisboa,http://www.gsd.inesc-id.pt/~jog,hYb5gDYAAAAJ
João Guerreiro 0002,Universidade de Lisboa,http://joaoguerreiro.net,Cf5OKPgAAAAJ
João Henrique de Souza Pereira,UFU,http://www.portal.facom.ufu.br/node/420,NOSCHOLARPAGE
João Leite 0001,Universidade NOVA de Lisboa,https://userweb.fct.unl.pt//~jleite,ReF98QcAAAAJ
João Leitão 0001,Universidade NOVA de Lisboa,http://asc.di.fct.unl.pt/~jleitao,j1676F4AAAAJ
João Lourenço,Universidade NOVA de Lisboa,https://docentes.fct.unl.pt/joao-lourenco,8aN-HtMAAAAJ
João Luiz Dihl Comba,UFRGS,http://www.inf.ufrgs.br/~comba,jyeX-1sAAAAJ
João Luís Garcia Rosa,USP-ICMC,http://conteudo.icmc.usp.br/pessoas/joaoluis,YsO1rOUAAAAJ
João M. Lemos,Universidade de Lisboa,https://fenix.tecnico.ulisboa.pt/homepage/ist11886,NOSCHOLARPAGE
João M. Lourenço,Universidade NOVA de Lisboa,https://docentes.fct.unl.pt/joao-lourenco,8aN-HtMAAAAJ
João M. Pereira 0001,Universidade de Lisboa,http://lisboa.academia.edu/Jo%C3%A3oMadeirasPereira,kNDBE9kAAAAJ
João Madeiras Pereira,Universidade de Lisboa,http://lisboa.academia.edu/Jo%C3%A3oMadeirasPereira,kNDBE9kAAAAJ
João Magalhães,Universidade NOVA de Lisboa,http://ctp.di.fct.unl.pt/~jmag,P6fBAXMAAAAJ
João Marcelo X. N. Teixeira,UFPE,http://www.cin.ufpe.br/voxarlabs,CQNizNEAAAAJ
João Marcelo Xavier Natario Teixeira,UFPE,http://www.cin.ufpe.br/voxarlabs,CQNizNEAAAAJ
João Marcelo Xavier Natário Teixeira,UFPE,http://www.cin.ufpe.br/voxarlabs,CQNizNEAAAAJ
João Marques-Silva 0001,Universidade de Lisboa,https://ciencias.ulisboa.pt/perfil/jpmsilva,1b9hppwAAAAJ
João Meidanis,UNICAMP,http://www.ic.unicamp.br/~meidanis,sIl4QTcAAAAJ
João Miranda Lemos,Universidade de Lisboa,https://fenix.tecnico.ulisboa.pt/homepage/ist11886,NOSCHOLARPAGE
João Nuno de Oliveira e Silva,Universidade de Lisboa,https://fenix.tecnico.ulisboa.pt/homepage/ist14028,NOSCHOLARPAGE
João P. Carvalho 0001,Universidade de Lisboa,https://www.l2f.inesc-id.pt/wiki/index.php/Jo%C3%A3o_Paulo_Carvalho,zLdsnkQAAAAJ
João P. Marques Silva,Universidade de Lisboa,https://ciencias.ulisboa.pt/perfil/jpmsilva,1b9hppwAAAAJ
João Paulo Cacho Teixeira,Universidade de Lisboa,http://www.garrigues.com/pt-PT/team/joao-paulo-teixeira-de-matos,uWKuWmgAAAAJ
João Paulo Carvalho,Universidade de Lisboa,https://www.l2f.inesc-id.pt/wiki/index.php/Jo%C3%A3o_Paulo_Carvalho,zLdsnkQAAAAJ
João Paulo Costeira,Universidade de Lisboa,http://welcome.isr.tecnico.ulisboa.pt/author/joaopaulosalgadoarriscado,Xi33QRIAAAAJ
João Paulo Neto,Universidade de Lisboa,https://fenix.tecnico.ulisboa.pt/homepage/ist13220,NOSCHOLARPAGE
João Paulo Teixeira,Universidade de Lisboa,http://www.garrigues.com/pt-PT/team/joao-paulo-teixeira-de-matos,uWKuWmgAAAAJ
João Paulo da Silva Neto,Universidade de Lisboa,https://fenix.tecnico.ulisboa.pt/homepage/ist13220,NOSCHOLARPAGE
João Pedro Barreto 0002,Universidade de Lisboa,http://www.ics.ul.pt/instituto/?ln=e&pid=232&mm=5&ctmid=2&mnid=1&doc=31809901190,NOSCHOLARPAGE
João Pereira 0001,Universidade de Lisboa,http://lisboa.academia.edu/Jo%C3%A3oMadeirasPereira,kNDBE9kAAAAJ
João Pereira 0002,Universidade de Lisboa,http://ihc.fcsh.unl.pt/pt/ihc/investigadores/item/1161-jdpereira,IREJZj4AAAAJ
João Porto de Albuquerque,USP-ICMC,http://icmc.usp.br/pessoas?id=12735561,O0p2PRoAAAAJ
João Rasga,Universidade de Lisboa,https://fenix.tecnico.ulisboa.pt/homepage/ist14184,teFGWr4AAAAJ
João Ribeiro 0002,Universidade NOVA de Lisboa,https://sites.google.com/site/joaorib94/,_v-WdQUAAAAJ
João Ricardo Silva,Universidade de Lisboa,https://ciencias.ulisboa.pt/perfil/jrsilva,FLVyMLcAAAAJ
João Santana,Universidade de Lisboa,http://lisboa.academia.edu/JoaoSantanaLopes,p1jACvsAAAAJ
João Silva 0004,Universidade de Lisboa,https://ciencias.ulisboa.pt/perfil/jrsilva,FLVyMLcAAAAJ
João do E. S. Batista Neto,USP-ICMC,http://conteudo.icmc.usp.br/pessoas/jbatista,NOSCHOLARPAGE
Joël Goossens,Université libre de Bruxelles,http://beams.ulb.ac.be/users/jo%C3%ABl-goossens,jTzDAsIAAAAJ
Joël Lefebvre,Université du Québec à Montréal,https://joel-lefebvre.uqam.ca/,vPnYJ34AAAAJ
Joël M. H. Karel,Maastricht University,https://dke.maastrichtuniversity.nl/joel.karel,QDYgJMEAAAAJ
Joël Ouaknine [SWS],Max Planck Society,https://people.mpi-sws.org/~joel,ZfE4iQ4AAAAJ
Joël Porquet-Lupine,Univ. of California - Davis,https://cs.ucdavis.edu/directory/joel-porquet-lupine,hyHs8joAAAAJ
Ju Fan,Renmin University of China,http://iir.ruc.edu.cn/~fanj,nl8dmycAAAAJ
Ju Ren 0001,Tsinghua University,https://juren1987.github.io,QvqnU8wAAAAJ
Ju Sun,University of Minnesota,https://sunju.org,V6FaD-UAAAAJ
Ju Wang 0003,Northwest University,https://faculty.nwu.edu.cn/ju/en/index.htm,NOSCHOLARPAGE
Ju-yeon Jo,University of Nevada Las Vegas,http://joj5.faculty.unlv.edu,hqccsn8AAAAJ
Juan A. Botía,University of Murcia,http://webs.um.es/juanbot/miwiki/doku.php,IFiSPE4AAAAJ
Juan A. Botía Blaya,University of Murcia,http://webs.um.es/juanbot/miwiki/doku.php,IFiSPE4AAAAJ
Juan A. Fraire,Universidad Nacional de Córdoba,https://depend.cs.uni-saarland.de/~jfraire,YXq56tgAAAAJ
Juan A. Garay,Texas A&M University,https://engineering.tamu.edu/cse/profiles/garay-juan.html,pOCh6eAAAAAJ
Juan A. Sánchez-Laguna,University of Murcia,https://ants.inf.um.es/staff/jlaguna,Ka4v6PIAAAAJ
Juan Andres Fraire,Universidad Nacional de Córdoba,https://depend.cs.uni-saarland.de/~jfraire,YXq56tgAAAAJ
Juan Ares,University of A Coruña,https://pdi.udc.es/en/File/Pdi/P679E,NOSCHOLARPAGE
Juan Ares Casal,University of A Coruña,https://pdi.udc.es/en/File/Pdi/P679E,NOSCHOLARPAGE
Juan Caballero,IMDEA Software Institute,http://software.imdea.org/people/juan.caballero,6QjUClkAAAAJ
Juan Carlos Augusto,Middlesex University,https://www.jcaugusto.com,cmpf-gkAAAAJ
Juan Carlos Cruellas,Polytechnic University of Catalonia,http://engineering.academickeys.com/browse_whoswho_by_institution/Polytechnic_University_of_Catalonia?sort=lname&start=74,NOSCHOLARPAGE
Juan Cui,University of Nebraska,http://cse.unl.edu/~jcui,lLmMKb0AAAAJ
Juan E. Gilbert,University of Florida,https://www.cise.ufl.edu/people/faculty/jgilbert,FKbHXRUAAAAJ
Juan J. Navarro,Polytechnic University of Catalonia,https://www.dama.upc.edu/en/publications,tHcK36UAAAAJ
Juan J. Romero Cardalda,University of A Coruña,https://pdi.udc.es/en/File/Pdi/9D9AF,NOSCHOLARPAGE
Juan Jesús Romero Cardalda,University of A Coruña,https://pdi.udc.es/en/File/Pdi/9D9AF,NOSCHOLARPAGE
Juan L. Aragón,University of Murcia,http://ditec.um.es/~jlaragon,iRoda2IAAAAJ
Juan L. Reutter,Pontificia Universidad Catolica de Chile,https://jreutter.sitios.ing.uc.cl/,WHug6IAAAAAJ
Juan Liu 0007,Wuhan University,https://cs.whu.edu.cn/info/1019/2890.htm,YXLdpNIAAAAJ
Juan Luo,Hunan University,http://csee.hnu.edu.cn/people/luojuan,NOSCHOLARPAGE
Juan M. Banda,Georgia State University,http://www.jmbanda.com,lCgSjYAAAAAJ
Juan P. Galeotti,University of Buenos Aires,http://lafhis.dc.uba.ar/en/~jgaleotti,xeL-QIoAAAAJ
Juan Pablo Bello,New York University,https://engineering.nyu.edu/faculty/juan-pablo-bello,PMHXcoAAAAAJ
Juan Pablo Galeotti,University of Buenos Aires,http://lafhis.dc.uba.ar/en/~jgaleotti,xeL-QIoAAAAJ
Juan Pablo Hourcade,University of Iowa,https://www.cs.uiowa.edu/~hourcade,HLv0dl0AAAAJ
Juan Pablo Sandoval Alcocer,Pontificia Universidad Catolica de Chile,https://www.ing.uc.cl/academicos-e-investigadores/juan-pablo-sandoval-alcocer/,hXSNrdcAAAAJ
Juan R. Rabuñal,University of A Coruña,https://pdi.udc.es/en/File/Pdi/9299E,JoKdcZwAAAAJ
Juan Ramón Rabuñal,University of A Coruña,https://pdi.udc.es/en/File/Pdi/9299E,JoKdcZwAAAAJ
Juan Raposo,University of A Coruña,https://pdi.udc.es/es/File/Pdi/S429E,NOSCHOLARPAGE
Juan Ye,University of St Andrews,https://sites.google.com/site/juanyeresearch,g2K5ofYAAAAJ
Juan Zhai,University of Massachusetts Amherst,https://people.cs.umass.edu/~juanzhai/,sq0OCfwAAAAJ
Juan-Ramón López,University of A Coruña,https://lbd.udc.es/ShowResearcherInformation.do?id=14,SashQSIAAAAJ
Juan-Zi Li,Tsinghua University,http://keg.cs.tsinghua.edu.cn/persons/ljz,NOSCHOLARPAGE
Juanjuan Lu,ShanghaiTech University,https://juanjuanlu.wordpress.com/,xWxOC3UAAAAJ
Juanzi Li,Tsinghua University,http://keg.cs.tsinghua.edu.cn/persons/ljz,NOSCHOLARPAGE
Juba Ziani,Georgia Institute of Technology,https://www.juba-ziani.com/,1bwPKXpo97YC
Judi McCuaig,University of Guelph,https://www.uoguelph.ca/computing/people/judi-mccuaig,NOSCHOLARPAGE
Judith Good,University of Sussex,http://www.sussex.ac.uk/informatics/people/peoplelists/person/174826,jp3e_gMAAAAJ
Judith J. Azcarraga,De La Salle University,https://www.dlsu.edu.ph/colleges/ccs/faculty-profile/single/?id=32742696285&command=GETPROFILE,NOSCHOLARPAGE
Judith Jumig Azcarraga,De La Salle University,https://www.dlsu.edu.ph/colleges/ccs/faculty-profile/single/?id=32742696285&command=GETPROFILE,NOSCHOLARPAGE
Judith Kelner,UFPE,https://www.cin.ufpe.br/~jk,flG1Hw4AAAAJ
Judith Masthoff,University of Aberdeen,https://www.abdn.ac.uk/people/j.masthoff,6-pMnb0AAAAJ
Judith S. Olson,Univ. of California - Irvine,https://judithsolson.com,xfwOz_kAAAAJ
Judith Sheard,Monash University,http://monash.edu/research/explore/en/persons/judithe-sheard(1a72bb9e-602c-4557-aa17-a3415ae9cd6b).html,NOSCHOLARPAGE
Judith Simon,University of Hamburg,https://www.inf.uni-hamburg.de/en/inst/ab/eit/team/simon.html,NOSCHOLARPAGE
Judith Uchidiuno,Georgia Institute of Technology,https://judithu.com/,n6zdTxUAAAAJ
Judithe Sheard,Monash University,http://monash.edu/research/explore/en/persons/judithe-sheard(1a72bb9e-602c-4557-aa17-a3415ae9cd6b).html,NOSCHOLARPAGE
Judy Bowen,University of Waikato,http://www.cs.waikato.ac.nz/~jbowen,XIaYOU8AAAAJ
Judy Day,University of Tennessee,http://www.math.utk.edu/~judyday,OCTyT5YAAAAJ
Judy Goldsmith,University of Kentucky,http://www.cs.uky.edu/~goldsmit,3bhoIywAAAAJ
Judy Hoffman,Georgia Institute of Technology,https://faculty.cc.gatech.edu/~judy/,mqpjAt4AAAAJ
Judy Kay,University of Sydney,https://www.sydney.edu.au/engineering/about/our-people/academic-staff/judy-kay.html,4lr4HzgAAAAJ
Judy Qiu,Indiana University,http://www.cs.indiana.edu/~xqiu,0w0Dy34AAAAJ
Judy Robertson,University of Edinburgh,http://www.inf.ed.ac.uk/people/staff/Judy_Robertson.html,6Q8A34MAAAAJ
Judy Sheard,Monash University,http://monash.edu/research/explore/en/persons/judithe-sheard(1a72bb9e-602c-4557-aa17-a3415ae9cd6b).html,NOSCHOLARPAGE
Jue Xie,Monash University,http://monash.edu/research/explore/en/persons/jue-xie(2ed5abee-ea19-415f-92ea-294053aae283).html,J8X_9JAAAAAJ
Juergen Dingel,Queen’s University,http://www.cs.queensu.ca/~dingel,MZggB6kAAAAJ
Juergen Gall,University of Bonn,https://pages.iai.uni-bonn.de/gall_juergen,1CLaPMEAAAAJ
Juergen Rilling,Concordia University,http://www.rilling.ca,m84bs1oAAAAJ
Juergen Rochol,UFRGS,http://inf.ufrgs.br/~juergen,NOSCHOLARPAGE
Juergen Sachau,University of Luxembourg,http://wwwen.uni.lu/snt/people/juergen_sachau,NOSCHOLARPAGE
Jufu Feng,Peking University,http://www.cis.pku.edu.cn/faculty/vision/fengjufu/chinese/fjf_english.htm,NOSCHOLARPAGE
Jugal Garg,Univ. of Illinois at Urbana-Champaign,https://jugal.ise.illinois.edu/,yUkEmCsAAAAJ
Jugal K. Kalita,UCCS,http://www.cs.uccs.edu/~kalita,NOSCHOLARPAGE
Jugal Kalita,UCCS,http://www.cs.uccs.edu/~kalita,NOSCHOLARPAGE
Jugal Kumar Kalita,UCCS,http://www.cs.uccs.edu/~kalita,NOSCHOLARPAGE
Jugurta Lisboa Filho,Universidade Federal de Viçosa,http://www.dpi.ufv.br/~jugurta,gQN4nmkAAAAJ
Juhan Nam,KAIST,https://mac.kaist.ac.kr,eG2NHUYAAAAJ
Juhi Kulshrestha,Aalto University,https://www.aalto.fi/en/people/juhi-kulshrestha,tYOEJ6sAAAAJ
Juho Hamari,Tampere University,https://www.tuni.fi/en/juho-hamari,tKMlAegAAAAJ
Juho Kannala,Aalto University,https://users.aalto.fi/~kannalj1,c4mWQPQAAAAJ
Juho Kanniainen,Tampere University,https://www.tuni.fi/en/juho-kanniainen,xsOyQN4AAAAJ
Juho Kim,KAIST,https://juhokim.com,2dDAbMgAAAAJ
Juho Lee 0001,KAIST,https://juho-lee.github.io,Py4URJUAAAAJ
Juho Rousu,Aalto University,https://people.aalto.fi/juho_rousu,JYN5cL4AAAAJ
Jui-Hung Chang,National Cheng Kung University,http://www.csie.ncku.edu.tw/ncku_csie/depmember/teacherdetail/id/48,NOSCHOLARPAGE
Jui-Hung Hung,National Chiao Tung University,http://www.jhhlab.tw,NOSCHOLARPAGE
Jukka K. Nurminen,University of Helsinki,https://researchportal.helsinki.fi/en/persons/jukka-k-nurminen,cmftgn4AAAAJ
Jukka Kalevi Nurminen,University of Helsinki,https://researchportal.helsinki.fi/en/persons/jukka-k-nurminen,cmftgn4AAAAJ
Jukka Matthias Krisp,University of Augsburg,https://www.uni-augsburg.de/en/fakultaet/fai/geo/prof/geoagi/geoagi-team/j-krisp,NOSCHOLARPAGE
Jukka Suomela,Aalto University,https://jukkasuomela.fi,hTZOWl8AAAAJ
Jules White,Vanderbilt University,https://engineering.vanderbilt.edu/bio/?pid=jules-white,10HSX90AAAAJ
Julia Chuzhoy,TTI Chicago,http://ttic.uchicago.edu/~cjulia,ikn-xhYAAAAJ
Julia E. Hodges,Mississippi State University,http://www.cse.msstate.edu/people/faculty/julia-hodges,NOSCHOLARPAGE
Julia Fukuyama,Indiana University,https://luddy.indiana.edu/contact/profile/index.html?Julia_Fukuyama,BhazhScAAAAJ
Julia Gaudio,Northwestern University,https://sites.northwestern.edu/juliagaudio/,LvEMfTsAAAAJ
Julia Hirschberg,Columbia University,http://www.cs.columbia.edu/~julia,Qrd7FCoAAAAJ
Julia Hockenmaier,Univ. of Illinois at Urbana-Champaign,http://juliahmr.cs.illinois.edu,iIiVrrQAAAAJ
Julia Kempe,New York University,https://cims.nyu.edu/~kempe,m9WZOV4AAAAJ
Julia Klier,University of Regensburg,https://www.uni-regensburg.de/informatik-data-science/wi-klier/start/index.html,JhWXMQ4AAAAJ
Julia Len,University of North Carolina,https://www.cs.cornell.edu/~jlen/,YXafOYwAAAAJ
Julia Mosin,University of British Columbia,https://www.ece.ubc.ca/faculty/julia-rubin,IQNUPWgRnRsC
Julia Olkhovskaya,TU Delft,https://sites.google.com/view/julia-olkhovskaya/home,aBT52BsAAAAJ
Julia Rubin,University of British Columbia,https://www.ece.ubc.ca/faculty/julia-rubin,IQNUPWgRnRsC
Julia Rubin-Mosin,University of British Columbia,https://www.ece.ubc.ca/faculty/julia-rubin,IQNUPWgRnRsC
Julia Stoyanovich,New York University,http://stoyanovich.org,UhJRkaIAAAAJ
Julia Woodward,University of South Florida,https://juliawoodward.wordpress.com/,K_N_PS4AAAAJ
Julia Zhang,Oregon State University,http://eecs.oregonstate.edu/people/zhang-julia,lwmnXbgAAAAJ
Julian A. Padget,University of Bath,http://www.bath.ac.uk/comp-sci/contacts/academics/julian_padget,4rR5aQEAAAAJ
Julian Alexander Padget,University of Bath,http://www.bath.ac.uk/comp-sci/contacts/academics/julian_padget,4rR5aQEAAAAJ
Julian Brinkley,Clemson University,http://drjulianbrinkley.com,g4BAX40AAAAJ
Julian C. Bradfield,University of Edinburgh,http://www.inf.ed.ac.uk/people/staff/Julian_Bradfield.html,Mru1qJgAAAAJ
Julian Dorado,University of A Coruña,https://pdi.udc.es/en/File/Pdi/S829E,uF0MdVIAAAAJ
Julian Fischer,IST Austria,https://ist.ac.at/research/research-groups/fischer-group,dj3-UisAAAAJ
Julian G. Rosenman,University of North Carolina,http://cs.unc.edu/people/julian-rosenman,NOSCHOLARPAGE
Julian Garcia Gallego,Monash University,http://monash.edu/research/explore/en/persons/julian-garcia-gallego(e39a16b9-83dc-494c-a652-3ef23cebd1b4).html,NOSCHOLARPAGE
Julian Gough,University of Bristol,http://bioinformatics.bris.ac.uk/people/julian_gough.html,7p6iOO4AAAAJ
Julian Hedges,University of Strathclyde,https://pureportal.strath.ac.uk/en/persons/julian-hedges/publications,NOSCHOLARPAGE
Julian J. McAuley,Univ. of California - San Diego,http://cseweb.ucsd.edu/~jmcauley,icbo4M0AAAAJ
Julian John McAuley,Univ. of California - San Diego,http://cseweb.ucsd.edu/~jmcauley,icbo4M0AAAAJ
Julian Loss,CISPA Helmholtz Center,https://www.julianloss.com,RTGQifoAAAAJ
Julian McAuley,Univ. of California - San Diego,http://cseweb.ucsd.edu/~jmcauley,icbo4M0AAAAJ
Julian Padget,University of Bath,http://www.bath.ac.uk/comp-sci/contacts/academics/julian_padget,4rR5aQEAAAAJ
Julian Panetta,Univ. of California - Davis,https://julianpanetta.com,1rQ_OTEAAAAJ
Julian Rathke,University of Southampton,https://www.ecs.soton.ac.uk/people/jr1a06,NOSCHOLARPAGE
Julian Shun,Massachusetts Institute of Technology,http://people.csail.mit.edu/jshun,BGh9WU4AAAAJ
Julian Togelius,New York University,http://engineering.nyu.edu/people/julian-togelius,lr4I9BwAAAAJ
Juliana Bowles,University of St Andrews,https://juliana.host.cs.st-andrews.ac.uk,JstYoqcAAAAJ
Juliana Freire,New York University,http://engineering.nyu.edu/user/4254,sSzAlq0AAAAJ
Juliana Freitag Borin,UNICAMP,http://www.ic.unicamp.br/~juliana,MoEzFxoAAAAJ
Juliana Küster Filipe,University of St Andrews,https://juliana.host.cs.st-andrews.ac.uk,JstYoqcAAAAJ
Juliana Küster Filipe Bowles,University of St Andrews,https://juliana.host.cs.st-andrews.ac.uk,JstYoqcAAAAJ
Juliane Krämer,University of Regensburg,https://www.uni-regensburg.de/informatics-data-science/qpc/team/prof-dr-juliane-kraemer/index.html,Hebnan8AAAAJ
Juliano Araujo Wickboldt,UFRGS,https://www.inf.ufrgs.br/site/docente/juliano-wickboldt,bqxkwSQAAAAJ
Juliano Iyoda,UFPE,http://www.cin.ufpe.br/~jmi,ZF4EXI8AAAAJ
Juliano Manabu Iyoda,UFPE,http://www.cin.ufpe.br/~jmi,ZF4EXI8AAAAJ
Julie A. Adams,Oregon State University,http://eecs.oregonstate.edu/people/adams-julie,5TzQdR4AAAAJ
Julie A. Kientz,University of Washington,http://faculty.washington.edu/jkientz,GvpuYB4AAAAJ
Julie A. McCann,Imperial College London,http://wp.doc.ic.ac.uk/aese/person/julie-a-mccann,S6wyzdwAAAAJ
Julie A. Shah,Massachusetts Institute of Technology,http://people.csail.mit.edu/julie_a_shah,NOSCHOLARPAGE
Julie Ann McCann,Imperial College London,http://wp.doc.ic.ac.uk/aese/person/julie-a-mccann,S6wyzdwAAAAJ
Julie Arnold Shah,Massachusetts Institute of Technology,http://people.csail.mit.edu/julie_a_shah,NOSCHOLARPAGE
Julie Carson-Berndsen,University College Dublin,https://people.ucd.ie/julie.berndsen,NOSCHOLARPAGE
Julie Dorsey,Yale University,http://graphics.cs.yale.edu/julie,IYXVU-QAAAAJ
Julie Fisher,Monash University,http://www.sims.monash.edu.au/staff/jfisher,hLCaPfAAAAAJ
Julie Fukuyama,Indiana University,https://jfukuyama.github.io,NOSCHOLARPAGE
Julie Greensmith,University of Nottingham,https://www.nottingham.ac.uk/computerscience/people/julie.greensmith,i_rufhIAAAAJ
Julie Jacques,CRIStAL,https://www.cristal.univ-lille.fr/profil/jacques,NOSCHOLARPAGE
Julie Porteous,RMIT University,https://www.rmit.edu.au/contact/staff-contacts/academic-staff/p/porteous-dr-julie,B3AVEIoAAAAJ
Julie R. Williamson,University of Glasgow,http://juliericowilliamson.com,qUtAKFQAAAAJ
Julie Rico,University of Glasgow,http://juliericowilliamson.com,qUtAKFQAAAAJ
Julie Rico Williamson,University of Glasgow,http://juliericowilliamson.com,qUtAKFQAAAAJ
Julie Shah,Massachusetts Institute of Technology,http://people.csail.mit.edu/julie_a_shah,NOSCHOLARPAGE
Julie Weeds,University of Sussex,http://www.sussex.ac.uk/informatics/people/peoplelists/person/116624,goWjVPQAAAAJ
Julie Williamson 0001,University of Glasgow,http://juliericowilliamson.com,qUtAKFQAAAAJ
Julien Baste,CRIStAL,https://www.iut-info.univ-lille.fr/~baste,NOSCHOLARPAGE
Julien Cartigny,CRIStAL,https://pro.univ-lille.fr/julien-iguchi-cartigny,NOSCHOLARPAGE
Julien Forget,CRIStAL,https://www.cristal.univ-lille.fr/profil/forget,Xm0-xKwAAAAJ
Julien Gagneur,TU Munich,http://www.gagneur.genzentrum.lmu.de,2N2iqgkAAAAJ
Julien Iguchi-Cartigny,CRIStAL,https://pro.univ-lille.fr/julien-iguchi-cartigny,NOSCHOLARPAGE
Julien Lange,Royal Holloway University of London,https://pure.royalholloway.ac.uk/portal/en/persons/julien-lange(55a85423-9481-4565-9339-224891092d5e).html,mpXU9XQAAAAJ
Julien Subercaze,Université Jean Monnet,http://satin-ppl.telecom-st-etienne.fr/jsubercaze,NOSCHOLARPAGE
Juliette Rouchier,Université Paris Dauphine,https://www.lamsade.dauphine.fr/~jrouchier/homepage.htm,B1mkAwYAAAAJ
Julio C. Hernandez-Castro,University of Kent,https://www.cs.kent.ac.uk/~jch27,NOSCHOLARPAGE
Julio Cesar Stacchini de Souza,UFF,http://www.uff.br/engenhariaeletrica/index.php/docentes/9-julio-cesar-stacchini-de-souza,qYDmVFQAAAAJ
Julio César Hernández Castro,University of Kent,https://www.cs.kent.ac.uk/~jch27,NOSCHOLARPAGE
Julio César López-Hernandez,UNICAMP,https://www.usenix.org/conference/9th-usenix-security-symposium/speaker-or-organizer/julio-lopez-hernandez-state-university,NOSCHOLARPAGE
Julio Marco,Universidad de Zaragoza,http://webdiis.unizar.es/~juliom,47C_SbAAAAAJ
Julio Michael Stern,USP,http://www.ime.usp.br/~jstern,7spXyx8AAAAJ
Julita Corbalán,Polytechnic University of Catalonia,http://acemap.sjtu.edu.cn/author/page?AuthorID=812D57D8,NOSCHOLARPAGE
Julita Vassileva,University of Saskatchewan,https://www.cs.usask.ca/faculty/julita,XunR3DYAAAAJ
Julius Bonart,University College London,https://www.imperial.ac.uk/people/j.bonart,E26kA5wAAAAJ
Julius Köpke,University of Klagenfurt,https://www.aau.at/en/isys/ics/team/koepke-julius,Zhj9ZUUAAAAJ
Julián Dorado de la Calle,University of A Coruña,https://pdi.udc.es/en/File/Pdi/S829E,uF0MdVIAAAAJ
Julián Mestre,University of Sydney,https://www.sydney.edu.au/engineering/about/our-people/academic-staff/julian-mestre.html,Tbp-tkcAAAAJ
Julián Urbano,TU Delft,http://julian-urbano.info,YKnVJaAAAAAJ
Jun (Jim) Xu,Georgia Institute of Technology,http://www.cc.gatech.edu/~jx,mHwonDEAAAAJ
Jun Adachi,University of Tokyo,http://www.nii.ac.jp/en/faculty/digital_content/adachi_jun,yvwdlpEAAAAJ
Jun Bai,University of Cincinnati,https://researchdirectory.uc.edu/p/baiju,pWw5QUwAAAAJ
Jun Bi,Tsinghua University,http://netarchlab.tsinghua.edu.cn/~junbi,9c8plF0AAAAJ
Jun Gao 0003,Peking University,http://net.pku.edu.cn/~gaojun,NOSCHOLARPAGE
Jun Guo 0002,BUPT,http://www.pris.net.cn/en/jun-guo,NOSCHOLARPAGE
Jun Han 0001,KAIST,https://www.junhan.org/,VTKbhWIAAAAJ
Jun Han 0010,CUHK (SZ),https://stevenhan1991.github.io/,8i3v-a8AAAAJ
Jun He 0008,Renmin University of China,http://iir.ruc.edu.cn/~hejun,NOSCHOLARPAGE
Jun Huan,University of Kansas,https://www.ittc.ku.edu/~jhuan,j2PH0Y0AAAAJ
Jun Huang 0001,City University of Hong Kong,https://www.cs.cityu.edu.hk/~jhuan9/,qT7OIRoAAAAJ
Jun Jim Xu,Georgia Institute of Technology,http://www.cc.gatech.edu/~jx,mHwonDEAAAAJ
Jun Kong,North Dakota State University,http://www.cs.ndsu.nodak.edu/~jkong,NOSCHOLARPAGE
Jun Li 0001,University of Oregon,http://ix.cs.uoregon.edu/~lijun,J8NUZDMAAAAJ
Jun Li 0017,CUNY,https://phantom.cs.qc.cuny.edu/li,My5KJhoAAAAJ
Jun Liu 0002,Xi'an Jiaotong University,http://gr.xjtu.edu.cn/web/liukeen,NOSCHOLARPAGE
Jun Liu 0036,Lancaster University,https://www.lancaster.ac.uk/scc/about-us/people/jun-liu2,Q5Ild8UAAAAJ
Jun Luo 0001,Nanyang Technological University,https://www3.ntu.edu.sg/home/junluo,Ng_zmUUAAAAJ
Jun Ma 0001,Shandong University,http://www.cs.sdu.edu.cn/info/1090/2346.htm,NOSCHOLARPAGE
Jun Ma 0010,Nanjing University,http://ics.nju.edu.cn/people/junma,OkMoxEkAAAAJ
Jun Miyazaki,Tokyo Institute of Technology,http://www.lsc.cs.titech.ac.jp/en,NOSCHOLARPAGE
Jun Nishida,University of Maryland - College Park,https://www.cs.umd.edu/people/jun,6V4L7r4AAAAJ
Jun Peng 0001,Central South University,https://faculty.csu.edu.cn/pengjun1/zh_CN/index.htm,-WwF1zMAAAAJ
Jun Rekimoto,University of Tokyo,http://www.iii.u-tokyo.ac.jp/faculty/rekimoto_junichi,wKJLtK8AAAAJ
Jun Sakuma,University of Tsukuba,https://www.mdl.cs.tsukuba.ac.jp,v5emswQAAAAJ
Jun Shen 0001,University of Wollongong,https://scholars.uow.edu.au/jun-shen,Bf6gvGkAAAAJ
Jun Sun 0001,Singapore Management University,https://www.smu.edu.sg/faculty/profile/161031/SUN-Jun,DVsEyn0AAAAJ
Jun Sun 0012,Peking University,http://www.icst.pku.edu.cn/vip/people-sunjE.html,NOSCHOLARPAGE
Jun Wang 0001,University of Central Florida,http://www.cass.eecs.ucf.edu/?page_id=1249,wYNgwnMAAAAJ
Jun Wang 0002,City University of Hong Kong,https://www.cs.cityu.edu.hk/~jwang358,TBcb-1kAAAAJ
Jun Wang 0012,University College London,http://www.cs.ucl.ac.uk/people/J.Wang.html,wIE1tY4AAAAJ
Jun Wei 0001,Chinese Academy of Sciences,http://people.ucas.ac.cn/~weijun,2GVRKYkAAAAJ
Jun Wei 0006,Shenzhen University,https://weijun-arc.github.io,fv9vcggAAAAJ
Jun Xiao 0001,Zhejiang University,http://mypage.zju.edu.cn/junx,fqOwFhQAAAAJ
Jun Xu 0001,Renmin University of China,http://info.ruc.edu.cn/academic_professor.php?teacher_id=169,su14mcEAAAAJ
Jun Xu 0014,Georgia Institute of Technology,http://www.cc.gatech.edu/~jx,mHwonDEAAAAJ
Jun Xu 0024,University of Utah,https://www.cs.utah.edu/~junxzm/,9nHXbTEAAAAJ
Jun Yan 0007,Concordia University,https://sites.google.com/view/jyan/home,3Yi1ZhsAAAAJ
Jun Yan 0009,Chinese Academy of Sciences,http://people.ucas.ac.cn/~yanjun,YRuji3AAAAAJ
Jun Yang 0001,Duke University,https://users.cs.duke.edu/~junyang,NOSCHOLARPAGE
Jun Zhang 0001,University of Kentucky,https://www.cs.uky.edu/~jzhang,NOSCHOLARPAGE
Jun Zhao 0001,Chinese Academy of Sciences,http://nlpr-web.ia.ac.cn/cip/english/~junzhao/index.html,HljRttwAAAAJ
Jun Zheng 0003,New Mexico Tech,https://nmt.edu,NOSCHOLARPAGE
Jun Zhou 0001,Griffith University,https://experts.griffith.edu.au/7205-jun-zhou,6hOOxw0AAAAJ
Jun Zhu 0001,Tsinghua University,http://ml.cs.tsinghua.edu.cn/~jun/index.shtml,axsP38wAAAAJ
Jun'ichi Hoshino,University of Tsukuba,http://www.entcomp.iit.tsukuba.ac.jp/jhoshino,NOSCHOLARPAGE
Jun-Hai Yong,Tsinghua University,http://cgcad.thss.tsinghua.edu.cn/?people=junhaiyong,NOSCHOLARPAGE
Jun-Hong Cui,University of Connecticut,http://www.cse.uconn.edu/~jcui,QJbvuZEAAAAJ
Jun-Kun Wang,Univ. of California - San Diego,https://jimwang123.github.io/,FUjQpmgAAAAJ
Jun-Yan Zhu,Carnegie Mellon University,https://people.csail.mit.edu/junyanz,UdpacsMAAAAJ
Jun-Yuan Xie,Nanjing University,https://cs.nju.edu.cn/58/21/c2639a153633/page.htm,qJsC_XsAAAAJ
Jun-ichi Imura,Tokyo Institute of Technology,http://www.cyb.mei.titech.ac.jp/index.html.en,NOSCHOLARPAGE
Jun-yong Noh,KAIST,https://ct.kaist.ac.kr/people/sub01.php,NOSCHOLARPAGE
Junaed Sattar,University of Minnesota,http://www-users.cs.umn.edu/~junaed,cgaU4UkAAAAJ
Junaid Haroon Siddiqui,LUMS,https://www.junaidharoonsiddiqui.com,dvKylVEAAAAJ
Junchen Jiang,University of Chicago,https://people.cs.uchicago.edu/~junchenj,_8wfjeAAAAAJ
Juncheng Wang 0001,Hong Kong Baptist University,https://www.juncheng-wang.com/,sxZvGpIAAAAJ
Junchi Yan,Shanghai Jiao Tong University,http://thinklab.sjtu.edu.cn,ga230VoAAAAJ
Jundong Li,University of Virginia,http://people.virginia.edu/~jl6qk,uY6ek7sAAAAJ
Jundong Liu,Ohio University,http://media.cs.ohio.edu,NOSCHOLARPAGE
Junehwa Song,KAIST,http://nclab.kaist.ac.kr/?page_id=873,CatfK3MAAAAJ
Junfeng Hu,Peking University,http://icl.pku.edu.cn/members/hujf,NOSCHOLARPAGE
Junfeng Luan,Shandong University,http://www.cs.sdu.edu.cn/info/1089/2332.htm,NOSCHOLARPAGE
Junfeng Wu 0001,CUHK (SZ),https://person.zju.edu.cn/en/jfwu,tfkculkAAAAJ
Junfeng Yang,Columbia University,http://www.cs.columbia.edu/~junfeng,JJ9AvbAAAAAJ
Junfeng Zhao 0001,Peking University,http://www.sei.pku.edu.cn/people/zhaojf,NOSCHOLARPAGE
Jung Hee Cheon,Seoul National University,http://www.math.snu.ac.kr/~jhcheon/xe2,KlTc3U4AAAAJ
Jung Ho Ahn,Seoul National University,http://scale.snu.ac.kr,hjIKJrwAAAAJ
Jung Hyun Jun,IIT Ropar,http://www.iitrpr.ac.in/cse/peterjun,cAnBAVUAAAAJ
Jung-Chun Kao,National Tsing Hua University,http://www.cs.nthu.edu.tw/~jungchuk,NOSCHOLARPAGE
Jung-Eun Kim,North Carolina State University,https://jungeunkim.wordpress.ncsu.edu/,8HpZmN0AAAAJ
Jung-Hong Chuang,National Chiao Tung University,http://cggmwww.csie.nctu.edu.tw/index.php/8-member/10-faculty,NOSCHOLARPAGE
Jung-Hsien Chiang,National Cheng Kung University,http://www.csie.ncku.edu.tw/ncku_csie/depmember/teacherdetail/id/10,NaNxyQgAAAAJ
Jung-Hwan Oh,University of North Texas,http://www.cse.unt.edu/~jhoh,NOSCHOLARPAGE
Jung-Hwan Oh 0001,University of North Texas,http://www.cse.unt.edu/~jhoh,alNk_OkAAAAJ
Junghoo Cho,Univ. of California - Los Angeles,http://www.cs.ucla.edu/~cho,DSLquxEAAAAJ
Jungong Han,University of Sheffield,https://www.sheffield.ac.uk/dcs/people/academic/jungong-han,hNi1gxAAAAAJ
Jungrae Kim,Sungkyunkwan University,https://scalable-arch.github.io/,Jbpv5q0AAAAJ
Jungseul Ok,POSTECH,https://sites.google.com/view/jungseulok,KWG3UUMAAAAJ
Jungyong Kim,Kent State University,https://www.kent.edu/cs/jungyoon-kim,z2BCKT4AAAAJ
Junhao Wen,Chongqing University,http://www.cse.cqu.edu.cn/info/2095/3491.htm,1BOLKHkAAAAJ
Junhua Zhao 0001,CUHK (SZ),https://www.zhaojunhua.org/,M2oDRWEAAAAJ
Junhui Deng,Tsinghua University,https://dsa.cs.tsinghua.edu.cn,NOSCHOLARPAGE
Junhui Hou,City University of Hong Kong,https://sites.google.com/site/junhuihoushomepage/home,j6eefhwAAAAJ
Junhui Li,Soochow University,http://web.suda.edu.cn/jhli,NOSCHOLARPAGE
Junichi Hoshino,University of Tsukuba,http://www.entcomp.iit.tsukuba.ac.jp/jhoshino,NOSCHOLARPAGE
Junichi Suzuki,University of Massachusetts Boston,https://www.umb.edu/academics/csm/faculty_staff/jun_suzuki,4oVjDuoAAAAJ
Junichi Yamagishi,National Institute of Informatics,https://nii-yamagishilab.github.io/,nRrdjtwAAAAJ
Junichi Yamaoka,Keio University,https://www.junichiyamaoka.net,x21UmG0AAAAJ
Junier B. Oliva,University of North Carolina,https://sites.google.com/cs.unc.edu/joliva/home,CqH_t6MAAAAJ
Junier Oliva,University of North Carolina,https://sites.google.com/cs.unc.edu/joliva/home,CqH_t6MAAAAJ
Junior Barrera,USP,http://www.ime.usp.br/~jb,NbfbLAwAAAAJ
Junjie Hu 0001,University of Wisconsin - Madison,https://junjiehu.github.io,j-42gHYAAAAJ
Junjie Wang 0001,Chinese Academy of Sciences,http://people.ucas.edu.cn/~jwang2015,FkLKCRMAAAAJ
Junjun Jiang,Harbin Institute of Technology,http://homepage.hit.edu.cn/jiangjunjun,WNH2_rgAAAAJ
Junliang Xing,Chinese Academy of Sciences,https://sites.google.com/site/junliangxing,jSwNd3MAAAAJ
Junlin Lu,Peking University,http://eecs.pku.edu.cn/EN/People/Faculty/Detail/?ID=5937,NOSCHOLARPAGE
Junlin Zhou,UESTC,http://en.uestc.edu.cn/index.php?m=content&c=index&a=show&catid=79&id=4779,pOmjyCEAAAAJ
Junming Shao,UESTC,https://dm.uestc.edu.cn,KpbTDv0AAAAJ
Junmo Kim 0002,KAIST,https://sites.google.com/site/siitkaist/professor,GdQtWNQAAAAJ
Junni Zou,Shanghai Jiao Tong University,https://cs.sjtu.edu.cn/~zou-jn/,NOSCHOLARPAGE
Junping Du,BUPT,https://scs.bupt.edu.cn/info/1092/1327.htm,ljg1PKcAAAAJ
Junping Sun,Nova Southeastern University,http://scis.nova.edu/~jps,NOSCHOLARPAGE
Junqiao Qiu,City University of Hong Kong,https://junqiao-qiu.github.io/website/,ftIjnJkAAAAJ
Junqing Zhang,University of Liverpool,https://liverpool.ac.uk/electrical-engineering-and-electronics/staff/junqing-zhang,MIPbyQ0AAAAJ
Junrui Liang,ShanghaiTech University,https://metal.shanghaitech.edu.cn/people.htm,aUzkS9AAAAAJ
Junshan Zhang,Univ. of California - Davis,https://faculty.engineering.ucdavis.edu/jzhang/,UtAdFs8AAAAJ
Junsong Fu,BUPT,https://scss.bupt.edu.cn/info/1063/3982.htm,8xHHuKUAAAAJ
Junsong Yuan 0001,University at Buffalo,https://cse.buffalo.edu/~jsyuan,fJ7seq0AAAAJ
Juntao Li,Soochow University,https://lijuntaopku.github.io,sZSygsYAAAAJ
Junting Chen,CUHK (SZ),http://chenjunting.org/,hsPzukQAAAAJ
Junwei Han,NWPU,http://www.escience.cn/people/JunweiHan/index.html,xrqsoesAAAAJ
Junxian He,HKUST,https://jxhe.github.io/,BIFGeoUAAAAJ
Junya Honda,University of Tokyo,http://www.it.k.u-tokyo.ac.jp/~honda/index_e.html,NOSCHOLARPAGE
Junyang Chen,Shenzhen University,https://csse.szu.edu.cn/pages/user/index?id=1101,Q0u3dRQAAAAJ
Junyong Noh,KAIST,https://ct.kaist.ac.kr/people/sub01.php,NOSCHOLARPAGE
Junyu Niu,Fudan University,http://www.cs.fudan.edu.cn/?page_id=2132,NOSCHOLARPAGE
Junyu Xuan,University of Technology Sydney,https://www.uts.edu.au/staff/junyu.xuan,POQ_yJUAAAAJ
Junyuan Xie,Nanjing University,https://cs.nju.edu.cn/58/21/c2639a153633/page.htm,qJsC_XsAAAAJ
Junzhao Du,Xidian University,https://web.xidian.edu.cn/jchdu/,NOSCHOLARPAGE
Junzhou Huang,University of Texas at Arlington,http://ranger.uta.edu/~huang,X7KrguAAAAAJ
Junzhou Zhao,Xi'an Jiaotong University,https://junzhouzhao.github.io,hBLT754AAAAJ
Juraj Hromkovic,ETH Zurich,https://www.inf.ethz.ch/department/faculty-profs/person-detail.html?persid=102124,NOSCHOLARPAGE
Juraj Somorovsky,Paderborn University,https://www.uni-paderborn.de/person/83504,aPYih6YAAAAJ
Jurgen J. Vinju,CWI,http://homepages.cwi.nl/~jurgenv,NOSCHOLARPAGE
Jurriaan Hage,Utrecht University,http://www.staff.science.uu.nl/~hage0101,CIVjbcwAAAAJ
Jurriaan Rot,Radboud University,http://jurriaan.me,o5kqbqIAAAAJ
Juseop Lee,Korea University,https://sites.google.com/site/juseoplee,NOSCHOLARPAGE
Jussara M. Almeida,UFMG,http://homepages.dcc.ufmg.br/~jussara,pkf_HjEAAAAJ
Jussara Marques de Almeida,UFMG,http://homepages.dcc.ufmg.br/~jussara,pkf_HjEAAAAJ
Jussi Kangasharju,University of Helsinki,https://researchportal.helsinki.fi/en/persons/jussi-kangasharju,RHUM7P0AAAAJ
Jussi Rintanen,Aalto University,https://research.aalto.fi/en/persons/jussi-rintanen,wZJS52UAAAAJ
Justin Bradley,University of Nebraska,http://justinbradley.unl.edu,JOvtrn8AAAAJ
Justin Brooks,Univ. of Maryland - Baltimore County,https://www.csee.umbc.edu/people/faculty/justin-brooks/,NOSCHOLARPAGE
Justin Cappos,New York University,http://engineering.nyu.edu/people/justin-cappos,COE6KUgAAAAJ
Justin Chan,Carnegie Mellon University,https://www.cs.cmu.edu/~justinc3/,dpyzXwMAAAAJ
Justin Domke,University of Massachusetts Amherst,https://www.cics.umass.edu/faculty/directory/domke-justin,NOSCHOLARPAGE
Justin Hsu,Cornell University,https://justinh.su,HsfKE0sAAAAJ
Justin Johnson 0001,University of Michigan,https://cs.stanford.edu/people/jcjohns,NOSCHOLARPAGE
Justin K. Romberg,Georgia Institute of Technology,https://jrom.ece.gatech.edu/,NOSCHOLARPAGE
Justin M. Solomon,Massachusetts Institute of Technology,http://people.csail.mit.edu/jsolomon,pImSVwoAAAAJ
Justin P. Rohrer,Naval Postgraduate School,https://jprohrer.org,aOy7jnQAAAAJ
Justin Pearson,Uppsala University,http://user.it.uu.se/~justin,To2zPLkAAAAJ
Justin R. Brooks,Univ. of Maryland - Baltimore County,https://www.csee.umbc.edu/people/faculty/justin-brooks/,NOSCHOLARPAGE
Justin Solomon 0001,Massachusetts Institute of Technology,http://people.csail.mit.edu/jsolomon,pImSVwoAAAAJ
Justin Thaler,Georgetown University,http://people.cs.georgetown.edu/jthaler,LrjJYV4k6WkC
Justin W. L. Wan,University of Waterloo,https://cs.uwaterloo.ca/~jwlwan,NOSCHOLARPAGE
Justin Wood,Indiana University,http://buildingamind.com,q9EK5i0AAAAJ
Justin Y. Shi,Temple University,http://spartan.cis.temple.edu/shi,OdRJuxYAAAAJ
Justin Z. Zhan,University of Cincinnati,https://researchdirectory.uc.edu/p/zhanjt,3klqaJMAAAAJ
Justin Zhan,University of Cincinnati,https://researchdirectory.uc.edu/p/zhanjt,3klqaJMAAAAJ
Justin Zhijun Zhan,University of Cincinnati,https://researchdirectory.uc.edu/p/zhanjt,3klqaJMAAAAJ
Justin Zobel,University of Melbourne,http://people.eng.unimelb.edu.au/jzobel,uEHvqE8AAAAJ
Justine Cassell,Carnegie Mellon University,https://www.hcii.cmu.edu/people/justine-cassell,wkC9xHMAAAAJ
Justine Sherry,Carnegie Mellon University,http://www.justinesherry.com,InPotdgAAAAJ
Justus Piater,University of Innsbruck,https://iis.uibk.ac.at/people/justus,meJCYXAAAAAJ
Justus Thies,TU Darmstadt,https://justusthies.github.io,4vpQvuwAAAAJ
Juw Won Park,University of Louisville,http://louisville.edu/research/kbrin/news/juw-won-park,pTOp1TQAAAAJ
Juyang Weng,Michigan State University,http://www.cse.msu.edu/~weng,HnQ2gqMAAAAJ
Juyeon Jo,University of Nevada Las Vegas,http://joj5.faculty.unlv.edu,hqccsn8AAAAJ
Jyh-Charn Liu,Texas A&M University,https://engineering.tamu.edu/cse/people/jliu,DI23xwMAAAAJ
Jyh-Cheng Chen,National Chiao Tung University,http://www.cs.nctu.edu.tw/~jcc,qq7bmfIAAAAJ
Jyh-Haw Yeh,Boise State University,http://cs.boisestate.edu/~jhyeh,NOSCHOLARPAGE
Jyh-Shing Roger Jang,National Taiwan University,https://mirlab.org/jang,xPAxmk0AAAAJ
Jyh-haw Yeh,Boise State University,http://cs.boisestate.edu/~jhyeh,NOSCHOLARPAGE
Jyotirmoy Deshmukh,University of Southern California,https://viterbi.usc.edu/directory/faculty/Deshmukh/Jyotirmoy,CwFX74MAAAAJ
Jyotirmoy V. Deshmukh,University of Southern California,https://viterbi.usc.edu/directory/faculty/Deshmukh/Jyotirmoy,CwFX74MAAAAJ
Jyotsna Bapat,IIIT Bangalore,http://www.iiitb.ac.in/faculty_page.php?name=JyotsnaBapat,NOSCHOLARPAGE
Jyotsna L. Bapat,IIIT Bangalore,http://www.iiitb.ac.in/faculty_page.php?name=JyotsnaBapat,NOSCHOLARPAGE
Jyrki Katajainen,University of Copenhagen,http://www.diku.dk/~jyrki,91jGnMUAAAAJ
Jyrki Kivinen,University of Helsinki,https://www.cs.helsinki.fi/u/jkivinen,ZKq0Us0AAAAJ
Jyrki Nummenmaa,Tampere University,https://www.tuni.fi/en/jyrki-nummenmaa,NOSCHOLARPAGE
Jyuo-Min Shyu,National Tsing Hua University,http://web-en.cs.nthu.edu.tw/files/13-1044-5696.php,NOSCHOLARPAGE
János Balogh,University of Szeged,http://www.jgypk.hu/~balogh,fh8Y2ZYAAAAJ
János Csirik,University of Szeged,https://www.inf.u-szeged.hu/~csirik,HQe8ScYAAAAJ
Jérémie Dequidt,CRIStAL,https://www.cristal.univ-lille.fr/profil/jdequidt,ySTwAskAAAAJ
Jérémy Barbay,Universidad de Chile,http://www.dcc.uchile.cl/~jbarbay,x7L1W0rvHwsC
Jérôme Feret,Ecole Normale Superieure,http://www.di.ens.fr/~feret,TcO5mvwAAAAJ
Jérôme Lang,Université Paris Dauphine,https://www.lamsade.dauphine.fr/~lang/,cNgZXNcAAAAJ
Jérôme Waldispühl,McGill University,http://www.cs.mcgill.ca/~jeromew,IVZp2gQAAAAJ
Jéssyka Vilela,UFPE,https://www.cin.ufpe.br/~jffv,P-KKg3EAAAAJ
Jó Ueyama,USP-ICMC,http://conteudo.icmc.usp.br/pessoas/joueyama,OXlxfi4AAAAJ
József Békési,University of Szeged,http://www.jgypk.hu/~bekesi,NOSCHOLARPAGE
Jörg Becker 0001,University of Münster,https://www.wi.uni-muenster.de/de/institut/is,VU0qH2MAAAAJ
Jörg Carsten Widmer,IMDEA Networks Institute,http://people.networks.imdea.org/~joerg_widmer,LT1_KV4AAAAJ
Jörg Conradt,KTH Royal Institute of Technology,https://www.kth.se/profile/conr,NGdMpTYAAAAJ
Jörg Denzinger,University of Calgary,http://cpsc.ucalgary.ca/~denzinge,Mb2LCH8AAAAJ
Jörg Endrullis,VU Amsterdam,http://joerg.endrullis.de,wlsbXosAAAAJ
Jörg H. Siekmann,Saarland University,http://siekmann.dfki.de/en/home-2,NOSCHOLARPAGE
Jörg Henkel,Karlsruhe Institute of Technology,http://ces.itec.kit.edu/21_henkel.php,AmnIAhEAAAAJ
Jörg Hoffmann 0001,Saarland University,http://fai.cs.uni-saarland.de/hoffmann,NR6qg_UAAAAJ
Jörg Hähner,University of Augsburg,https://www.uni-augsburg.de/de/fakultaet/fai/informatik/prof/oc/team/haehner,DOIec3gAAAAJ
Jörg Kienzle,McGill University,http://www.cs.mcgill.ca/~joerg/Home/Jorgs_Home.html,INUL3eEAAAAJ
Jörg Liebeherr,University of Toronto,http://www.comm.utoronto.ca/~jorg,8WrYVG8AAAAJ
Jörg Müller 0001,University of Bayreuth,https://www.ai8.uni-bayreuth.de/de/team/Joerg-Mueller/index.php,RdvLNP4AAAAJ
Jörg Nolte,Brandenburg University of Technology,https://www.b-tu.de/en/distributed-systems-operating-systems-group/team/professor,NOSCHOLARPAGE
Jörg Ott,TU Munich,https://www.netlab.tkk.fi/~jo,h16ode4AAAAJ
Jörg P. Müller,TU Clausthal,https://meclab.in.tu-clausthal.de/members/member.php?member=joerg.mueller,qU5PVzAAAAAJ
Jörg Peters,University of Florida,http://www.cise.ufl.edu/~jorg,MoMic_4AAAAJ
Jörg Raisch,TU Berlin,https://www.eecs.tu-berlin.de/menue/einrichtungen/professuren/professorinnen/raisch/parameter/en/,sVunjlIAAAAJ
Jörg Rothe,University of Düsseldorf,https://ccc.cs.uni-duesseldorf.de/~rothe,NRdBUrwAAAAJ
Jörg Sander 0001,University of Alberta,https://webdocs.cs.ualberta.ca/~joerg,QzFTFLEAAAAJ
Jörg Schröttner,Graz University of Technology,https://www.tugraz.at/institute/hce/institut/team,NOSCHOLARPAGE
Jörg Schwenk,Ruhr-University Bochum,http://nds.rub.de/chair/people/joerg-schwenk,IetgqsgAAAAJ
Jörg Widmer,IMDEA Networks Institute,http://people.networks.imdea.org/~joerg_widmer,LT1_KV4AAAAJ
Jörg-Rüdiger Sack,Carleton University,http://www.scs.carleton.ca/~sack,NOSCHOLARPAGE
Jörn Diedrichsen,Western University,http://www.diedrichsenlab.org,mF72dYoAAAAJ
Jörn Janneck,Lund University,http://www.lunduniversity.lu.se/lucat/user/6d94f235ba6e4b38f5fbc1a7b0ed0c00,acaDIH8AAAAJ
Jörn Müller-Quade,Karlsruhe Institute of Technology,http://crypto.iti.kit.edu/index.php?id=iks-mueller-quade,iJjzGQkAAAAJ
Jörn Ostermann,University of Hannover,http://www.tnt.uni-hannover.de/~osterman,WRTLuxcAAAAJ
Jørgen P. Bansler,University of Copenhagen,http://diku.dk/Ansatte/beskrivelse/?id=160232,YuHIy0IAAAAJ
Jørgen Villadsen,DTU,https://www.compute.dtu.dk/english,NOSCHOLARPAGE
Júlio Cezar Estrella,USP-ICMC,http://icmc.usp.br/pessoas?id=10112875,uDdnClUAAAAJ
Jürgen Beyerer,Karlsruhe Institute of Technology,https://ies.iar.kit.edu/1473_1497.php,-BCKzg0AAAAJ
Jürgen Brehm,University of Hannover,https://www.sra.uni-hannover.de/People/brehm,NOSCHOLARPAGE
Jürgen Cito,TU Wien,http://people.csail.mit.edu/jcito,fj5MiWsAAAAJ
Jürgen Dingel,Queen’s University,http://www.cs.queensu.ca/~dingel,MZggB6kAAAAJ
Jürgen Dix,TU Clausthal,https://www.ifi-ci.tu-clausthal.de/members/leader/prof-dr-juergen-dix,5TZTOjcAAAAJ
Jürgen Dorn,TU Wien,http://www.ec.tuwien.ac.at/~dorn,sU9DTeYAAAAJ
Jürgen Döllner,Hasso Plattner Institute,https://hpi.de/en/research/research-groups/computer-graphics-systems/,NOSCHOLARPAGE
Jürgen Gall,University of Bonn,https://pages.iai.uni-bonn.de/gall_juergen,1CLaPMEAAAAJ
Jürgen Giesl,RWTH Aachen University,http://verify.rwth-aachen.de/giesl,dh9YNEoAAAAJ
Jürgen Hesser,Heidelberg University,http://medphyssrv1.medma.uni-heidelberg.de/cms,NOSCHOLARPAGE
Jürgen Peissig,University of Hannover,https://www.ikt.uni-hannover.de/321.html?&no_cache=1&tx_tkinstpersonen_pi1%5Balias%5D=pei,asWSO9QAAAAJ
Jürgen Sachau,University of Luxembourg,http://wwwen.uni.lu/snt/people/juergen_sachau,NOSCHOLARPAGE
Jürgen Sauer,University of Oldenburg,https://uol.de/sao/personen/apl-prof-dr-ing-juergen-sauer,E6w1sCMAAAAJ
Jürgen Sauer 0001,University of Oldenburg,https://uol.de/sao/personen/apl-prof-dr-ing-juergen-sauer,E6w1sCMAAAAJ
Jürgen Schmidhuber,KAUST,https://cemse.kaust.edu.sa/people/person/jurgen-schmidhuber,gLnCTgIAAAAJ
Jürgen Schönwälder,Jacobs University Bremen,https://www.jacobs-university.de/directory/jschoenwaelder,YaiOokwAAAAJ
Jürgen Steimle,Saarland University,https://hci.cs.uni-saarland.de/people/juergen-steimle,Cz_S3u8AAAAJ
Jürgen Teich,University of Erlangen–Nuremberg,https://www.cs12.tf.fau.de/person/juergen-teich,Hj3eizAAAAAJ
Jürgen W. Hesser,Heidelberg University,http://medphyssrv1.medma.uni-heidelberg.de/cms,NOSCHOLARPAGE
Jürgen Ziegler 0001,University of Duisburg-Essen,https://interactivesystems.info/team/juergen-ziegler,UD-ha3YAAAAJ
